0.000000000000e+00	0.000000000000e+00
1.000000000000e-10	9.999994443448e-03
2.000000000000e-10	1.999998333035e-02
4.000000000000e-10	3.999994999105e-02
8.000000000000e-10	7.999981663398e-02
1.600000000000e-09	1.599992832066e-01
3.200000000000e-09	3.199971495052e-01
6.400000000000e-09	6.399886147624e-01
1.000000000000e-08	9.999722122022e-01
1.064000000000e-08	9.999686561181e-01
1.192000000000e-08	9.999615439752e-01
1.448000000000e-08	9.999473198412e-01
1.960000000000e-08	9.999188721801e-01
2.984000000000e-08	9.998619792859e-01
5.032000000000e-08	9.997482032084e-01
9.128000000000e-08	9.995206898916e-01
1.732000000000e-07	9.990658185662e-01
3.370400000000e-07	9.981566967956e-01
6.647200000000e-07	9.963409339515e-01
1.320080000000e-06	9.927193085082e-01
2.630800000000e-06	9.855154789948e-01
5.252240000000e-06	9.712640802938e-01
1.049512000000e-05	9.433751070089e-01
2.098088000000e-05	8.899655772100e-01
4.195240000000e-05	7.919681970096e-01
8.041393846154e-05	6.390537203721e-01
1.188754769231e-04	5.156642136181e-01
1.573370153846e-04	4.160989486948e-01
1.923076923077e-04	3.424041149460e-01
1.923086923077e-04	2.424027680227e-01
1.923106923077e-04	4.240118549327e-02
1.923146923077e-04	-3.575953117203e-01
1.923176923077e-04	-6.575868503460e-01
1.923184923077e-04	-6.575839272247e-01
1.923200923077e-04	-6.575780810081e-01
1.923232923077e-04	-6.575663887308e-01
1.923296923077e-04	-6.575430047999e-01
1.923424923077e-04	-6.574962394327e-01
1.923680923077e-04	-6.574027186761e-01
1.924192923077e-04	-6.572157170665e-01
1.925216923077e-04	-6.568418734055e-01
1.927264923077e-04	-6.560948238619e-01
1.931360923077e-04	-6.546032722638e-01
1.939552923077e-04	-6.516303300998e-01
1.955936923077e-04	-6.457248596871e-01
1.988704923077e-04	-6.340737515063e-01
2.054240923077e-04	-6.113965749834e-01
2.185312923077e-04	-5.684325744456e-01
2.447456923077e-04	-4.912546183917e-01
2.832072307692e-04	-3.964023968622e-01
3.216687692307e-04	-3.198643928326e-01
3.601303076923e-04	-2.581044681164e-01
3.846153846154e-04	-2.252253098425e-01
3.846163846154e-04	-1.252246140234e-01
3.846183846154e-04	7.477566629667e-02
3.846223846154e-04	4.747695591404e-01
3.846253846154e-04	7.747591445262e-01
3.846261846154e-04	7.747557005482e-01
3.846277846154e-04	7.747488126219e-01
3.846309846154e-04	7.747350369530e-01
3.846373846154e-04	7.747074863499e-01
3.846501846154e-04	7.746523880829e-01
3.846757846154e-04	7.745422033045e-01
3.847269846154e-04	7.743218807616e-01
3.848293846154e-04	7.738814236648e-01
3.850341846154e-04	7.730012608923e-01
3.854437846154e-04	7.712439367616e-01
3.862629846154e-04	7.677412600787e-01
3.879013846154e-04	7.607835217928e-01
3.911781846154e-04	7.470563576894e-01
3.977317846154e-04	7.203384422171e-01
4.108389846154e-04	6.697188894014e-01
4.370533846154e-04	5.787889579753e-01
4.755149230769e-04	4.670354672082e-01
5.139764615384e-04	3.768595178343e-01
5.524380000000e-04	3.040948839095e-01
5.769230769231e-04	2.653571437561e-01
5.769240769231e-04	1.653562249489e-01
5.769260769231e-04	-3.464450136121e-02
5.769300769231e-04	-4.346392861646e-01
5.769330769231e-04	-7.346295404982e-01
5.769338769231e-04	-7.346262749049e-01
5.769354769231e-04	-7.346197437472e-01
5.769386769231e-04	-7.346066816060e-01
5.769450769231e-04	-7.345805580203e-01
5.769578769231e-04	-7.345283136359e-01
5.769834769231e-04	-7.344238360138e-01
5.770346769231e-04	-7.342149253483e-01
5.771370769231e-04	-7.337972822693e-01
5.773418769231e-04	-7.329627086116e-01
5.777514769231e-04	-7.312964072484e-01
5.785706769231e-04	-7.279751560179e-01
5.802090769231e-04	-7.213778023551e-01
5.834858769231e-04	-7.083616536218e-01
5.900394769231e-04	-6.830276254851e-01
6.031466769232e-04	-6.350299747466e-01
6.293610769233e-04	-5.488098711011e-01
6.678226153849e-04	-4.428447900161e-01
7.062841538464e-04	-3.573396149944e-01
7.447456923079e-04	-2.883439148955e-01
7.692307692308e-04	-2.516126437005e-01
7.692317692308e-04	-1.516118012595e-01
7.692337692308e-04	4.838877230816e-02
7.692377692308e-04	4.483832516209e-01
7.692407692308e-04	7.483732768486e-01
7.692415692308e-04	7.483699501672e-01
7.692431692308e-04	7.483632968220e-01
7.692463692308e-04	7.483499903092e-01
7.692527692308e-04	7.483233779933e-01
7.692655692308e-04	7.482701562005e-01
7.692911692308e-04	7.481637239702e-01
7.693423692308e-04	7.479509049225e-01
7.694447692308e-04	7.475254484136e-01
7.696495692308e-04	7.466752612260e-01
7.700591692308e-04	7.449777860461e-01
7.708783692308e-04	7.415943995505e-01
7.725167692307e-04	7.348736200189e-01
7.757935692307e-04	7.216139600916e-01
7.823471692307e-04	6.958059730626e-01
7.954543692306e-04	6.469103635288e-01
8.216687692305e-04	5.590772205115e-01
8.601303076920e-04	4.511297033040e-01
8.985918461535e-04	3.640248640733e-01
9.370533846151e-04	2.937383654702e-01
9.615384615385e-04	2.563199113021e-01
9.615394615385e-04	1.563190427051e-01
9.615414615385e-04	-4.368158317437e-02
9.615454615385e-04	-4.436761671090e-01
9.615484615385e-04	-7.436662708021e-01
9.615492615385e-04	-7.436629650384e-01
9.615508615385e-04	-7.436563535405e-01
9.615540615385e-04	-7.436431307209e-01
9.615604615385e-04	-7.436166857872e-01
9.615732615385e-04	-7.435637987409e-01
9.615988615385e-04	-7.434580359321e-01
9.616500615385e-04	-7.432465554417e-01
9.617524615385e-04	-7.428237749054e-01
9.619572615385e-04	-7.419789350977e-01
9.623668615385e-04	-7.402921364427e-01
9.631860615385e-04	-7.369300302643e-01
9.648244615384e-04	-7.302515220843e-01
9.681012615384e-04	-7.170752607784e-01
9.746548615384e-04	-6.914295969574e-01
9.877620615383e-04	-6.428415236989e-01
1.013976461538e-03	-5.555608204179e-01
1.052438000000e-03	-4.482922553224e-01
1.090899538461e-03	-3.617352750521e-01
1.129361076923e-03	-2.918908539317e-01
1.153846153846e-03	-2.547077487525e-01
1.153847153846e-03	-1.547068891243e-01
1.153849153846e-03	4.529371883920e-02
1.153853153846e-03	4.452882669534e-01
1.153856153846e-03	7.452783437730e-01
1.153856953846e-03	7.452750308492e-01
1.153858553846e-03	7.452684050193e-01
1.153861753846e-03	7.452551535362e-01
1.153868153846e-03	7.452286512768e-01
1.153880953846e-03	7.451756495853e-01
1.153906553846e-03	7.450696575105e-01
1.153957753846e-03	7.448577185860e-01
1.154060153846e-03	7.444340215726e-01
1.154264953846e-03	7.435873503743e-01
1.154674553846e-03	7.418968951832e-01
1.155493753846e-03	7.385275008424e-01
1.157132153846e-03	7.318345154122e-01
1.160408953846e-03	7.186296914353e-01
1.166962553846e-03	6.929284345565e-01
1.180069753847e-03	6.442350351272e-01
1.200000000000e-03	5.766334010929e-01