---- Page: "Bode Plotter-XBP1"
---- Graph: 
---- Left Axis: DECIBELS "Gain (dB)"
---- Bottom Axis: LOGARITHMIC " "
---- Trace: 1 LEFT BOTTOM "Bode Result"
1.000000000000e-03	3.732111305459e-07
1.023292992281e-03	3.819043345288e-07
1.047128548051e-03	3.908000292450e-07
1.071519305238e-03	3.999029313095e-07
1.096478196143e-03	4.092178672015e-07
1.122018454302e-03	4.187497758234e-07
1.148153621497e-03	4.285037111192e-07
1.174897554940e-03	4.384848447546e-07
1.202264434617e-03	4.486984688587e-07
1.230268770812e-03	4.591499988302e-07
1.258925411794e-03	4.698449762087e-07
1.288249551693e-03	4.807890716126e-07
1.318256738556e-03	4.919880877464e-07
1.348962882592e-03	5.034479624765e-07
1.380384264603e-03	5.151747719802e-07
1.412537544623e-03	5.271747339672e-07
1.445439770746e-03	5.394542109761e-07
1.479108388168e-03	5.520197137482e-07
1.513561248436e-03	5.648779046793e-07
1.548816618912e-03	5.780356013526e-07
1.584893192461e-03	5.914997801529e-07
1.621810097359e-03	6.052775799660e-07
1.659586907438e-03	6.193763059639e-07
1.698243652462e-03	6.338034334776e-07
1.737800828749e-03	6.485666119611e-07
1.778279410039e-03	6.636736690471e-07
1.819700858610e-03	6.791326146971e-07
1.862087136663e-03	6.949516454488e-07
1.905460717963e-03	7.111391487618e-07
1.949844599758e-03	7.277037074644e-07
1.995262314969e-03	7.446541043050e-07
2.041737944670e-03	7.619993266084e-07
2.089296130854e-03	7.797485710411e-07
2.137962089502e-03	7.979112484872e-07
2.187761623950e-03	8.164969890390e-07
2.238721138568e-03	8.355156471019e-07
2.290867652768e-03	8.549773066203e-07
2.344228815320e-03	8.748922864236e-07
2.398832919019e-03	8.952711456977e-07
2.454708915685e-03	9.161246895836e-07
2.511886431510e-03	9.374639749063e-07
2.570395782769e-03	9.593003160372e-07
2.630267991895e-03	9.816452908936e-07
2.691534803927e-03	1.004510747077e-06
2.754228703338e-03	1.027908808154e-06
2.818382931264e-03	1.051851880088e-06
2.884031503127e-03	1.076352657811e-06
2.951209226666e-03	1.101424131961e-06
3.019951720402e-03	1.127079595765e-06
3.090295432514e-03	1.153332652089e-06
3.162277660168e-03	1.180197220651e-06
3.235936569296e-03	1.207687545401e-06
3.311311214826e-03	1.235818202074e-06
3.388441561392e-03	1.264604105915e-06
3.467368504525e-03	1.294060519592e-06
3.548133892336e-03	1.324203061286e-06
3.630780547701e-03	1.355047712970e-06
3.715352290972e-03	1.386610828889e-06
3.801893963206e-03	1.418909144222e-06
3.890451449943e-03	1.451959783966e-06
3.981071705535e-03	1.485780272006e-06
4.073802778041e-03	1.520388540412e-06
4.168693834703e-03	1.555802938948e-06
4.265795188016e-03	1.592042244795e-06
4.365158322402e-03	1.629125672513e-06
4.466835921510e-03	1.667072884228e-06
4.570881896149e-03	1.705904000051e-06
4.677351412872e-03	1.745639608756e-06
4.786300923226e-03	1.786300778688e-06
4.897788193684e-03	1.827909068936e-06
5.011872336273e-03	1.870486540769e-06
5.128613839914e-03	1.914055769324e-06
5.248074602498e-03	1.958639855584e-06
5.370317963703e-03	2.004262438621e-06
5.495408738576e-03	2.050947708132e-06
5.623413251903e-03	2.098720417265e-06
5.754399373372e-03	2.147605895744e-06
5.888436553556e-03	2.197630063295e-06
6.025595860744e-03	2.248819443395e-06
6.165950018615e-03	2.301201177331e-06
6.309573444802e-03	2.354803038591e-06
6.456542290347e-03	2.409653447591e-06
6.606934480076e-03	2.465781486745e-06
6.760829753920e-03	2.523216915881e-06
6.918309709189e-03	2.581990188025e-06
7.079457843841e-03	2.642132465543e-06
7.244359600750e-03	2.703675636667e-06
7.413102413009e-03	2.766652332401e-06
7.585775750292e-03	2.831095943823e-06
7.762471166287e-03	2.897040639788e-06
7.943282347243e-03	2.964521385047e-06
8.128305161641e-03	3.033573958784e-06
8.317637711027e-03	3.104234973589e-06
8.511380382024e-03	3.176541894866e-06
8.709635899561e-03	3.250533060701e-06
8.912509381337e-03	3.326247702192e-06
9.120108393559e-03	3.403725964242e-06
9.332543007970e-03	3.483008926852e-06
9.549925860214e-03	3.564138626898e-06
9.772372209558e-03	3.647158080421e-06
1.000000000000e-02	3.732111305433e-06
1.023292992281e-02	3.819043345261e-06
1.047128548051e-02	3.908000292420e-06
1.071519305238e-02	3.999029313063e-06
1.096478196143e-02	4.092178671981e-06
1.122018454302e-02	4.187497758198e-06
1.148153621497e-02	4.285037111153e-06
1.174897554940e-02	4.384848447504e-06
1.202264434617e-02	4.486984688542e-06
1.230268770812e-02	4.591499988254e-06
1.258925411794e-02	4.698449762035e-06
1.288249551693e-02	4.807890716071e-06
1.318256738556e-02	4.919880877405e-06
1.348962882592e-02	5.034479624702e-06
1.380384264603e-02	5.151747719734e-06
1.412537544623e-02	5.271747339599e-06
1.445439770746e-02	5.394542109683e-06
1.479108388168e-02	5.520197137398e-06
1.513561248436e-02	5.648779046704e-06
1.548816618912e-02	5.780356013430e-06
1.584893192461e-02	5.914997801426e-06
1.621810097359e-02	6.052775799551e-06
1.659586907438e-02	6.193763059521e-06
1.698243652462e-02	6.338034334650e-06
1.737800828749e-02	6.485666119476e-06
1.778279410039e-02	6.636736690326e-06
1.819700858610e-02	6.791326146816e-06
1.862087136663e-02	6.949516454322e-06
1.905460717963e-02	7.111391487440e-06
1.949844599758e-02	7.277037074453e-06
1.995262314969e-02	7.446541042846e-06
2.041737944670e-02	7.619993265865e-06
2.089296130854e-02	7.797485710176e-06
2.137962089502e-02	7.979112484621e-06
2.187761623950e-02	8.164969890120e-06
2.238721138568e-02	8.355156470730e-06
2.290867652768e-02	8.549773065893e-06
2.344228815320e-02	8.748922863904e-06
2.398832919019e-02	8.952711456622e-06
2.454708915685e-02	9.161246895456e-06
2.511886431510e-02	9.374639748655e-06
2.570395782769e-02	9.593003159935e-06
2.630267991895e-02	9.816452908468e-06
2.691534803927e-02	1.004510747027e-05
2.754228703338e-02	1.027908808101e-05
2.818382931264e-02	1.051851880030e-05
2.884031503127e-02	1.076352657750e-05
2.951209226666e-02	1.101424131895e-05
3.019951720402e-02	1.127079595694e-05
3.090295432514e-02	1.153332652013e-05
3.162277660168e-02	1.180197220569e-05
3.235936569296e-02	1.207687545314e-05
3.311311214826e-02	1.235818201980e-05
3.388441561392e-02	1.264604105815e-05
3.467368504525e-02	1.294060519485e-05
3.548133892336e-02	1.324203061171e-05
3.630780547701e-02	1.355047712847e-05
3.715352290972e-02	1.386610828757e-05
3.801893963206e-02	1.418909144081e-05
3.890451449943e-02	1.451959783814e-05
3.981071705535e-02	1.485780271843e-05
4.073802778041e-02	1.520388540238e-05
4.168693834703e-02	1.555802938761e-05
4.265795188016e-02	1.592042244595e-05
4.365158322402e-02	1.629125672299e-05
4.466835921510e-02	1.667072883998e-05
4.570881896149e-02	1.705903999805e-05
4.677351412872e-02	1.745639608493e-05
4.786300923226e-02	1.786300778405e-05
4.897788193684e-02	1.827909068634e-05
5.011872336273e-02	1.870486540445e-05
5.128613839914e-02	1.914055768977e-05
5.248074602498e-02	1.958639855212e-05
5.370317963702e-02	2.004262438222e-05
5.495408738576e-02	2.050947707705e-05
5.623413251903e-02	2.098720416808e-05
5.754399373372e-02	2.147605895254e-05
5.888436553556e-02	2.197630062770e-05
6.025595860744e-02	2.248819442832e-05
6.165950018615e-02	2.301201176728e-05
6.309573444802e-02	2.354803037944e-05
6.456542290347e-02	2.409653446898e-05
6.606934480076e-02	2.465781486002e-05
6.760829753920e-02	2.523216915086e-05
6.918309709189e-02	2.581990187173e-05
7.079457843841e-02	2.642132464630e-05
7.244359600750e-02	2.703675635689e-05
7.413102413009e-02	2.766652331353e-05
7.585775750292e-02	2.831095942700e-05
7.762471166287e-02	2.897040638584e-05
7.943282347243e-02	2.964521383757e-05
8.128305161641e-02	3.033573957403e-05
8.317637711027e-02	3.104234972108e-05
8.511380382024e-02	3.176541893279e-05
8.709635899561e-02	3.250533059001e-05
8.912509381337e-02	3.326247700370e-05
9.120108393559e-02	3.403725962290e-05
9.332543007970e-02	3.483008924760e-05
9.549925860214e-02	3.564138624657e-05
9.772372209558e-02	3.647158078019e-05
1.000000000000e-01	3.732111302860e-05
1.023292992281e-01	3.819043342503e-05
1.047128548051e-01	3.908000289466e-05
1.071519305238e-01	3.999029309898e-05
1.096478196143e-01	4.092178668589e-05
1.122018454302e-01	4.187497754563e-05
1.148153621497e-01	4.285037107259e-05
1.174897554940e-01	4.384848443331e-05
1.202264434617e-01	4.486984684071e-05
1.230268770812e-01	4.591499983463e-05
1.258925411794e-01	4.698449756901e-05
1.288249551693e-01	4.807890710570e-05
1.318256738556e-01	4.919880871510e-05
1.348962882592e-01	5.034479618385e-05
1.380384264603e-01	5.151747712966e-05
1.412537544623e-01	5.271747332347e-05
1.445439770746e-01	5.394542101912e-05
1.479108388168e-01	5.520197129072e-05
1.513561248436e-01	5.648779037782e-05
1.548816618912e-01	5.780356003870e-05
1.584893192461e-01	5.914997791182e-05
1.621810097359e-01	6.052775788574e-05
1.659586907438e-01	6.193763047760e-05
1.698243652462e-01	6.338034322047e-05
1.737800828749e-01	6.485666105972e-05
1.778279410039e-01	6.636736675856e-05
1.819700858610e-01	6.791326131311e-05
1.862087136663e-01	6.949516437708e-05
1.905460717963e-01	7.111391469638e-05
1.949844599758e-01	7.277037055378e-05
1.995262314969e-01	7.446541022407e-05
2.041737944670e-01	7.619993243964e-05
2.089296130854e-01	7.797485686708e-05
2.137962089502e-01	7.979112459475e-05
2.187761623950e-01	8.164969863176e-05
2.238721138568e-01	8.355156441859e-05
2.290867652768e-01	8.549773034957e-05
2.344228815320e-01	8.748922830755e-05
2.398832919019e-01	8.952711421102e-05
2.454708915685e-01	9.161246857396e-05
2.511886431510e-01	9.374639707873e-05
2.570395782769e-01	9.593003116237e-05
2.630267991895e-01	9.816452861644e-05
2.691534803927e-01	1.004510742009e-04
2.754228703338e-01	1.027908802724e-04
2.818382931264e-01	1.051851874270e-04
2.884031503127e-01	1.076352651577e-04
2.951209226666e-01	1.101424125281e-04
3.019951720402e-01	1.127079588607e-04
3.090295432514e-01	1.153332644419e-04
3.162277660168e-01	1.180197212432e-04
3.235936569296e-01	1.207687536595e-04
3.311311214826e-01	1.235818192638e-04
3.388441561392e-01	1.264604095804e-04
3.467368504525e-01	1.294060508758e-04
3.548133892336e-01	1.324203049677e-04
3.630780547701e-01	1.355047700531e-04
3.715352290972e-01	1.386610815560e-04
3.801893963206e-01	1.418909129940e-04
3.890451449943e-01	1.451959768662e-04
3.981071705535e-01	1.485780255608e-04
4.073802778041e-01	1.520388522841e-04
4.168693834703e-01	1.555802920120e-04
4.265795188016e-01	1.592042224621e-04
4.365158322402e-01	1.629125650897e-04
4.466835921510e-01	1.667072861065e-04
4.570881896149e-01	1.705903975232e-04
4.677351412872e-01	1.745639582162e-04
4.786300923226e-01	1.786300750191e-04
4.897788193684e-01	1.827909038402e-04
5.011872336273e-01	1.870486508051e-04
5.128613839914e-01	1.914055734266e-04
5.248074602498e-01	1.958639818018e-04
5.370317963702e-01	2.004262398368e-04
5.495408738576e-01	2.050947665001e-04
5.623413251903e-01	2.098720371050e-04
5.754399373372e-01	2.147605846223e-04
5.888436553556e-01	2.197630010233e-04
6.025595860744e-01	2.248819386538e-04
6.165950018615e-01	2.301201116407e-04
6.309573444802e-01	2.354802973309e-04
6.456542290346e-01	2.409653377640e-04
6.606934480076e-01	2.465781411791e-04
6.760829753920e-01	2.523216835567e-04
6.918309709189e-01	2.581990101967e-04
7.079457843841e-01	2.642132373331e-04
7.244359600750e-01	2.703675537860e-04
7.413102413009e-01	2.766652226527e-04
7.585775750292e-01	2.831095830377e-04
7.762471166287e-01	2.897040518228e-04
7.943282347243e-01	2.964521254793e-04
8.128305161641e-01	3.033573819215e-04
8.317637711027e-01	3.104234824038e-04
8.511380382024e-01	3.176541734618e-04
8.709635899561e-01	3.250532888994e-04
8.912509381337e-01	3.326247518204e-04
9.120108393559e-01	3.403725767095e-04
9.332543007970e-01	3.483008715605e-04
9.549925860214e-01	3.564138400543e-04
9.772372209558e-01	3.647157837877e-04
1.000000000000e+00	3.732111045543e-04
1.023292992281e+00	3.819043066783e-04
1.047128548051e+00	3.907999994026e-04
1.071519305238e+00	3.999028993328e-04
1.096478196143e+00	4.092178329379e-04
1.122018454302e+00	4.187497391093e-04
1.148153621497e+00	4.285036717793e-04
1.174897554940e+00	4.384848026011e-04
1.202264434617e+00	4.486984236904e-04
1.230268770812e+00	4.591499504316e-04
1.258925411794e+00	4.698449243486e-04
1.288249551693e+00	4.807890160436e-04
1.318256738556e+00	4.919880282030e-04
1.348962882592e+00	5.034478986746e-04
1.380384264603e+00	5.151747036153e-04
1.412537544623e+00	5.271746607128e-04
1.445439770746e+00	5.394541324827e-04
1.479108388168e+00	5.520196296409e-04
1.513561248436e+00	5.648778145568e-04
1.548816618912e+00	5.780355047846e-04
1.584893192461e+00	5.914996766784e-04
1.621810097359e+00	6.052774690911e-04
1.659586907438e+00	6.193761871593e-04
1.698243652462e+00	6.338033061762e-04
1.737800828749e+00	6.485664755552e-04
1.778279410039e+00	6.636735228855e-04
1.819700858610e+00	6.791324580822e-04
1.862087136663e+00	6.949514776329e-04
1.905460717963e+00	7.111389689438e-04
1.949844599758e+00	7.277035147859e-04
1.995262314969e+00	7.446538978464e-04
2.041737944670e+00	7.619991053840e-04
2.089296130854e+00	7.797483339948e-04
2.137962089502e+00	7.979109944876e-04
2.187761623950e+00	8.164967168734e-04
2.238721138568e+00	8.355153554713e-04
2.290867652768e+00	8.549769941324e-04
2.344228815320e+00	8.748919515869e-04
2.398832919019e+00	8.952707869137e-04
2.454708915685e+00	9.161243051396e-04
2.511886431510e+00	9.374635629672e-04
2.570395782769e+00	9.592998746365e-04
2.630267991895e+00	9.816448179242e-04
2.691534803927e+00	1.004510240281e-03
2.754228703338e+00	1.027908265113e-03
2.818382931264e+00	1.051851298209e-03
2.884031503127e+00	1.076352034316e-03
2.951209226666e+00	1.101423463874e-03
3.019951720402e+00	1.127078879897e-03
3.090295432514e+00	1.153331885022e-03
3.162277660168e+00	1.180196398724e-03
3.235936569296e+00	1.207686664691e-03
3.311311214826e+00	1.235817258376e-03
3.388441561392e+00	1.264603094725e-03
3.467368504525e+00	1.294059436083e-03
3.548133892336e+00	1.324201900284e-03
3.630780547701e+00	1.355046468935e-03
3.715352290972e+00	1.386609495881e-03
3.801893963206e+00	1.418907715879e-03
3.890451449943e+00	1.451958253468e-03
3.981071705535e+00	1.485778632048e-03
4.073802778041e+00	1.520386783166e-03
4.168693834703e+00	1.555801056025e-03
4.265795188016e+00	1.592040227207e-03
4.365158322402e+00	1.629123510629e-03
4.466835921510e+00	1.667070567727e-03
4.570881896149e+00	1.705901517876e-03
4.677351412872e+00	1.745636949058e-03
4.786300923226e+00	1.786297928770e-03
4.897788193684e+00	1.827906015195e-03
5.011872336273e+00	1.870483268627e-03
5.128613839914e+00	1.914052263161e-03
5.248074602498e+00	1.958636098663e-03
5.370317963702e+00	2.004258413008e-03
5.495408738576e+00	2.050943394610e-03
5.623413251903e+00	2.098715795244e-03
5.754399373371e+00	2.147600943160e-03
5.888436553556e+00	2.197624756507e-03
6.025595860744e+00	2.248813757070e-03
6.165950018615e+00	2.301195084325e-03
6.309573444802e+00	2.354796509818e-03
6.456542290346e+00	2.409646451887e-03
6.606934480076e+00	2.465773990714e-03
6.760829753920e+00	2.523208883741e-03
6.918309709189e+00	2.581981581434e-03
7.079457843841e+00	2.642123243417e-03
7.244359600750e+00	2.703665754984e-03
7.413102413009e+00	2.766641743989e-03
7.585775750292e+00	2.831084598138e-03
7.762471166287e+00	2.897028482671e-03
7.943282347243e+00	2.964508358465e-03
8.128305161641e+00	3.033560000555e-03
8.317637711027e+00	3.104220017081e-03
8.511380382024e+00	3.176525868684e-03
8.709635899561e+00	3.250515888345e-03
8.912509381337e+00	3.326229301687e-03
9.120108393559e+00	3.403706247754e-03
9.332543007970e+00	3.482987800263e-03
9.549925860214e+00	3.564115989360e-03
9.772372209558e+00	3.647133823872e-03
1.000000000000e+01	3.732085314086e-03
1.023292992281e+01	3.819015495044e-03
1.047128548051e+01	3.907970450390e-03
1.071519305238e+01	3.998997336770e-03
1.096478196143e+01	4.092144408785e-03
1.122018454302e+01	4.187461044543e-03
1.148153621497e+01	4.284997771788e-03
1.174897554940e+01	4.384806294642e-03
1.202264434617e+01	4.486939520967e-03
1.230268770812e+01	4.591451590360e-03
1.258925411794e+01	4.698397902796e-03
1.288249551693e+01	4.807835147939e-03
1.318256738556e+01	4.919821335126e-03
1.348962882592e+01	5.034415824055e-03
1.380384264603e+01	5.151679356172e-03
1.412537544623e+01	5.271674086791e-03
1.445439770746e+01	5.394463617962e-03
1.479108388168e+01	5.520113032090e-03
1.513561248436e+01	5.648688926339e-03
1.548816618912e+01	5.780259447829e-03
1.584893192461e+01	5.914894329642e-03
1.621810097359e+01	6.052664927674e-03
1.659586907438e+01	6.193644258319e-03
1.698243652462e+01	6.337907037040e-03
1.737800828749e+01	6.485529717823e-03
1.778279410039e+01	6.636590533539e-03
1.819700858610e+01	6.791169537241e-03
1.862087136663e+01	6.949348644413e-03
1.905460717963e+01	7.111211676189e-03
1.949844599758e+01	7.276844403572e-03
1.995262314969e+01	7.446334592663e-03
2.041737944670e+01	7.619772050943e-03
2.089296130854e+01	7.797248674602e-03
2.137962089502e+01	7.978858496973e-03
2.187761623950e+01	8.164697738065e-03
2.238721138568e+01	8.354864855236e-03
2.290867652768e+01	8.549460595033e-03
2.344228815320e+01	8.748588046210e-03
2.398832919019e+01	8.952352693969e-03
2.454708915685e+01	9.160862475436e-03
2.511886431510e+01	9.374227836405e-03
2.570395782769e+01	9.592561789378e-03
2.630267991895e+01	9.815979972933e-03
2.691534803927e+01	1.004460071244e-02
2.754228703338e+01	1.027854508214e-02
2.818382931264e+01	1.051793696871e-02
2.884031503127e+01	1.076290313615e-02
2.951209226666e+01	1.101357329225e-02
3.019951720402e+01	1.127008015650e-02
3.090295432514e+01	1.153255952958e-02
3.162277660168e+01	1.180115036438e-02
3.235936569296e+01	1.207599483865e-02
3.311311214826e+01	1.235723842924e-02
3.388441561392e+01	1.264502998810e-02
3.467368504525e+01	1.293952181989e-02
3.548133892336e+01	1.324086976140e-02
3.630780547701e+01	1.354923326266e-02
3.715352290972e+01	1.386477546999e-02
3.801893963206e+01	1.418766331075e-02
3.890451449943e+01	1.451806758010e-02
3.981071705535e+01	1.485616302961e-02
4.073802778041e+01	1.520212845786e-02
4.168693834703e+01	1.555614680302e-02
4.265795188016e+01	1.591840523747e-02
4.365158322402e+01	1.628909526452e-02
4.466835921510e+01	1.666841281723e-02
4.570881896149e+01	1.705655835933e-02
4.677351412872e+01	1.745373698847e-02
4.786300923226e+01	1.786015854155e-02
4.897788193684e+01	1.827603770242e-02
5.011872336273e+01	1.870159411186e-02
5.128613839914e+01	1.913705247994e-02
5.248074602498e+01	1.958264270074e-02
5.370317963702e+01	2.003859996951e-02
5.495408738576e+01	2.050516490234e-02
5.623413251903e+01	2.098258365830e-02
5.754399373371e+01	2.147110806416e-02
5.888436553556e+01	2.197099574167e-02
6.025595860743e+01	2.248251023752e-02
6.165950018615e+01	2.300592115592e-02
6.309573444802e+01	2.354150429389e-02
6.456542290346e+01	2.408954177931e-02
6.606934480076e+01	2.465032221174e-02
6.760829753920e+01	2.522414080601e-02
6.918309709189e+01	2.581129953871e-02
7.079457843841e+01	2.641210729747e-02
7.244359600750e+01	2.702688003321e-02
7.413102413009e+01	2.765594091529e-02
7.585775750292e+01	2.829962048955e-02
7.762471166287e+01	2.895825683941e-02
7.943282347243e+01	2.963219574992e-02
8.128305161641e+01	3.032179087473e-02
8.317637711027e+01	3.102740390625e-02
8.511380382024e+01	3.174940474864e-02
8.709635899561e+01	3.248817169396e-02
8.912509381337e+01	3.324409160129e-02
9.120108393559e+01	3.401756007889e-02
9.332543007970e+01	3.480898166933e-02
9.549925860214e+01	3.561877003766e-02
9.772372209558e+01	3.644734816254e-02
1.000000000000e+02	3.729514853025e-02
1.023292992281e+02	3.816261333170e-02
1.047128548051e+02	3.905019466223e-02
1.071519305238e+02	3.995835472417e-02
1.096478196143e+02	4.088756603226e-02
1.122018454302e+02	4.183831162157e-02
1.148153621497e+02	4.281108525814e-02
1.174897554940e+02	4.380639165199e-02
1.202264434617e+02	4.482474667251e-02
1.230268770812e+02	4.586667756614e-02
1.258925411794e+02	4.693272317605e-02
1.288249551693e+02	4.802343416383e-02
1.318256738556e+02	4.913937323290e-02
1.348962882592e+02	5.028111535348e-02
1.380384264603e+02	5.144924798890e-02
1.412537544623e+02	5.264437132305e-02
1.445439770746e+02	5.386709848860e-02
1.479108388168e+02	5.511805579588e-02
1.513561248436e+02	5.639788296191e-02
1.548816618912e+02	5.770723333935e-02
1.584893192461e+02	5.904677414499e-02
1.621810097359e+02	6.041718668736e-02
1.659586907438e+02	6.181916659292e-02
1.698243652462e+02	6.325342403056e-02
1.737800828749e+02	6.472068393366e-02
1.778279410039e+02	6.622168621928e-02
1.819700858610e+02	6.775718600381e-02
1.862087136663e+02	6.932795381441e-02
1.905460717963e+02	7.093477579561e-02
1.949844599758e+02	7.257845391015e-02
1.995262314969e+02	7.425980613333e-02
2.041737944669e+02	7.597966663995e-02
2.089296130854e+02	7.773888598287e-02
2.137962089502e+02	7.953833126212e-02
2.187761623950e+02	8.137888628353e-02
2.238721138568e+02	8.326145170556e-02
2.290867652768e+02	8.518694517317e-02
2.344228815320e+02	8.715630143729e-02
2.398832919019e+02	8.917047245840e-02
2.454708915685e+02	9.123042749276e-02
2.511886431510e+02	9.333715315947e-02
2.570395782769e+02	9.549165348668e-02
2.630267991895e+02	9.769494993497e-02
2.691534803927e+02	9.994808139593e-02
2.754228703338e+02	1.022521041637e-01
2.818382931264e+02	1.046080918774e-01
2.884031503127e+02	1.070171354313e-01
2.951209226666e+02	1.094803428515e-01
3.019951720402e+02	1.119988391347e-01
3.090295432514e+02	1.145737660473e-01
3.162277660168e+02	1.172062818817e-01
3.235936569296e+02	1.198975611655e-01
3.311311214826e+02	1.226487943221e-01
3.388441561392e+02	1.254611872764e-01
3.467368504525e+02	1.283359610044e-01
3.548133892336e+02	1.312743510212e-01
3.630780547701e+02	1.342776068033e-01
3.715352290972e+02	1.373469911412e-01
3.801893963206e+02	1.404837794174e-01
3.890451449943e+02	1.436892588050e-01
3.981071705535e+02	1.469647273819e-01
4.073802778041e+02	1.503114931549e-01
4.168693834703e+02	1.537308729893e-01
4.265795188016e+02	1.572241914367e-01
4.365158322402e+02	1.607927794569e-01
4.466835921510e+02	1.644379730263e-01
4.570881896149e+02	1.681611116276e-01
4.677351412872e+02	1.719635366138e-01
4.786300923226e+02	1.758465894400e-01
4.897788193684e+02	1.798116097574e-01
5.011872336273e+02	1.838599333599e-01
5.128613839914e+02	1.879928899809e-01
5.248074602498e+02	1.922118009284e-01
5.370317963702e+02	1.965179765556e-01
5.495408738576e+02	2.009127135583e-01
5.623413251903e+02	2.053972920923e-01
5.754399373371e+02	2.099729727049e-01
5.888436553556e+02	2.146409930740e-01
6.025595860743e+02	2.194025645488e-01
6.165950018615e+02	2.242588684864e-01
6.309573444802e+02	2.292110523794e-01
6.456542290346e+02	2.342602257691e-01
6.606934480076e+02	2.394074559427e-01
6.760829753920e+02	2.446537634082e-01
6.918309709189e+02	2.500001171482e-01
7.079457843841e+02	2.554474296491e-01
7.244359600750e+02	2.609965517072e-01
7.413102413009e+02	2.666482670136e-01
7.585775750292e+02	2.724032865196e-01
7.762471166287e+02	2.782622425894e-01
7.943282347243e+02	2.842256829453e-01
8.128305161641e+02	2.902940644152e-01
8.317637711027e+02	2.964677464939e-01
8.511380382024e+02	3.027469847302e-01
8.709635899561e+02	3.091319239589e-01
8.912509381337e+02	3.156225913935e-01
9.120108393559e+02	3.222188896056e-01
9.332543007970e+02	3.289205894129e-01
9.549925860214e+02	3.357273227071e-01
9.772372209558e+02	3.426385752528e-01
1.000000000000e+03	3.496536794938e-01
1.023292992281e+03	3.567718074065e-01
1.047128548051e+03	3.639919634429e-01
1.071519305238e+03	3.713129776115e-01
1.096478196143e+03	3.787334987465e-01
1.122018454302e+03	3.862519880196e-01
1.148153621497e+03	3.938667127518e-01
1.174897554940e+03	4.015757405880e-01
1.202264434617e+03	4.093769340968e-01
1.230268770812e+03	4.172679458628e-01
1.258925411794e+03	4.252462141409e-01
1.288249551693e+03	4.333089591415e-01
1.318256738556e+03	4.414531800198e-01
1.348962882592e+03	4.496756526389e-01
1.380384264603e+03	4.579729281795e-01
1.412537544623e+03	4.663413326643e-01
1.445439770746e+03	4.747769674658e-01
1.479108388168e+03	4.832757108602e-01
1.513561248436e+03	4.918332206874e-01
1.548816618912e+03	5.004449381707e-01
1.584893192461e+03	5.091060929433e-01
1.621810097359e+03	5.178117093203e-01
1.659586907438e+03	5.265566138477e-01
1.698243652462e+03	5.353354441460e-01
1.737800828749e+03	5.441426590596e-01
1.778279410039e+03	5.529725501074e-01
1.819700858610e+03	5.618192542185e-01
1.862087136663e+03	5.706767677240e-01
1.905460717963e+03	5.795389615592e-01
1.949844599758e+03	5.883995976208e-01
1.995262314969e+03	5.972523462029e-01
2.041737944669e+03	6.060908044281e-01
2.089296130854e+03	6.149085155696e-01
2.137962089502e+03	6.236989891527e-01
2.187761623950e+03	6.324557217067e-01
2.238721138568e+03	6.411722180321e-01
2.290867652768e+03	6.498420128326e-01
2.344228815320e+03	6.584586925592e-01
2.398832919019e+03	6.670159173022e-01
2.454708915685e+03	6.755074425677e-01
2.511886431510e+03	6.839271407675e-01
2.570395782769e+03	6.922690222577e-01
2.630267991895e+03	7.005272557585e-01
2.691534803927e+03	7.086961879962e-01
2.754228703338e+03	7.167703624127e-01
2.818382931264e+03	7.247445367995e-01
2.884031503127e+03	7.326136997223e-01
2.951209226666e+03	7.403730856164e-01
3.019951720402e+03	7.480181884481e-01
3.090295432514e+03	7.555447738513e-01
3.162277660168e+03	7.629488896673e-01
3.235936569296e+03	7.702268748334e-01
3.311311214826e+03	7.773753665817e-01
3.388441561392e+03	7.843913059318e-01
3.467368504525e+03	7.912719414731e-01
3.548133892336e+03	7.980148314571e-01
3.630780547701e+03	8.046178442299e-01
3.715352290972e+03	8.110791570551e-01
3.801893963206e+03	8.173972533900e-01
3.890451449943e+03	8.235709186915e-01
3.981071705535e+03	8.295992348386e-01
4.073802778041e+03	8.354815732689e-01
4.168693834703e+03	8.412175869346e-01
4.265795188016e+03	8.468072011885e-01
4.365158322402e+03	8.522506037167e-01
4.466835921510e+03	8.575482336353e-01
4.570881896149e+03	8.627007698713e-01
4.677351412872e+03	8.677091189470e-01
4.786300923226e+03	8.725744022845e-01
4.897788193684e+03	8.772979431442e-01
5.011872336273e+03	8.818812533081e-01
5.128613839914e+03	8.863260196117e-01
5.248074602498e+03	8.906340904222e-01
5.370317963702e+03	8.948074621569e-01
5.495408738576e+03	8.988482659244e-01
5.623413251903e+03	9.027587543663e-01
5.754399373371e+03	9.065412887691e-01
5.888436553556e+03	9.101983265070e-01
6.025595860743e+03	9.137324088699e-01
6.165950018615e+03	9.171461493220e-01
6.309573444802e+03	9.204422222302e-01
6.456542290346e+03	9.236233520931e-01
6.606934480076e+03	9.266923032954e-01
6.760829753920e+03	9.296518704065e-01
6.918309709189e+03	9.325048690354e-01
7.079457843841e+03	9.352541272488e-01
7.244359600750e+03	9.379024775541e-01
7.413102413009e+03	9.404527494465e-01
7.585775750292e+03	9.429077625116e-01
7.762471166287e+03	9.452703200759e-01
7.943282347243e+03	9.475432033903e-01
8.128305161641e+03	9.497291663339e-01
8.317637711027e+03	9.518309306171e-01
8.511380382024e+03	9.538511814686e-01
8.709635899561e+03	9.557925637825e-01
8.912509381337e+03	9.576576787055e-01
9.120108393559e+03	9.594490806415e-01
9.332543007970e+03	9.611692746507e-01
9.549925860214e+03	9.628207142197e-01
9.772372209558e+03	9.644057993803e-01
1.000000000000e+04	9.659268751528e-01
1.023292992281e+04	9.673862302933e-01
1.047128548051e+04	9.687860963204e-01
1.071519305238e+04	9.701286468021e-01
1.096478196143e+04	9.714159968806e-01
1.122018454302e+04	9.726502030159e-01
1.148153621497e+04	9.738332629280e-01
1.174897554940e+04	9.749671157214e-01
1.202264434617e+04	9.760536421718e-01
1.230268770812e+04	9.770946651612e-01
1.258925411794e+04	9.780919502439e-01
1.288249551693e+04	9.790472063301e-01
1.318256738556e+04	9.799620864725e-01
1.348962882592e+04	9.808381887445e-01
1.380384264603e+04	9.816770571958e-01
1.412537544623e+04	9.824801828775e-01
1.445439770746e+04	9.832490049235e-01
1.479108388168e+04	9.839849116810e-01
1.513561248436e+04	9.846892418802e-01
1.548816618912e+04	9.853632858358e-01
1.584893192461e+04	9.860082866730e-01
1.621810097359e+04	9.866254415719e-01
1.659586907438e+04	9.872159030228e-01
1.698243652462e+04	9.877807800892e-01
1.737800828749e+04	9.883211396719e-01
1.778279410039e+04	9.888380077706e-01
1.819700858610e+04	9.893323707389e-01
1.862087136663e+04	9.898051765298e-01
1.905460717963e+04	9.902573359276e-01
1.949844599758e+04	9.906897237646e-01
1.995262314969e+04	9.911031801196e-01
2.041737944669e+04	9.914985114964e-01
2.089296130854e+04	9.918764919809e-01
2.137962089502e+04	9.922378643743e-01
2.187761623950e+04	9.925833413028e-01
2.238721138568e+04	9.929136063013e-01
2.290867652768e+04	9.932293148710e-01
2.344228815320e+04	9.935310955104e-01
2.398832919019e+04	9.938195507188e-01
2.454708915685e+04	9.940952579726e-01
2.511886431510e+04	9.943587706732e-01
2.570395782769e+04	9.946106190677e-01
2.630267991895e+04	9.948513111414e-01
2.691534803927e+04	9.950813334833e-01
2.754228703338e+04	9.953011521230e-01
2.818382931264e+04	9.955112133421e-01
2.884031503127e+04	9.957119444570e-01
2.951209226666e+04	9.959037545771e-01
3.019951720402e+04	9.960870353355e-01
3.090295432514e+04	9.962621615955e-01
3.162277660168e+04	9.964294921312e-01
3.235936569296e+04	9.965893702847e-01
3.311311214826e+04	9.967421245985e-01
3.388441561392e+04	9.968880694252e-01
3.467368504525e+04	9.970275055150e-01
3.548133892336e+04	9.971607205803e-01
3.630780547701e+04	9.972879898394e-01
3.715352290972e+04	9.974095765397e-01
3.801893963206e+04	9.975257324602e-01
3.890451449943e+04	9.976366983947e-01
3.981071705535e+04	9.977427046162e-01
4.073802778041e+04	9.978439713230e-01
4.168693834703e+04	9.979407090668e-01
4.265795188016e+04	9.980331191642e-01
4.365158322402e+04	9.981213940909e-01
4.466835921510e+04	9.982057178610e-01
4.570881896149e+04	9.982862663900e-01
4.677351412872e+04	9.983632078434e-01
4.786300923226e+04	9.984367029707e-01
4.897788193684e+04	9.985069054265e-01
5.011872336273e+04	9.985739620767e-01
5.128613839914e+04	9.986380132937e-01
5.248074602498e+04	9.986991932381e-01
5.370317963702e+04	9.987576301292e-01
5.495408738576e+04	9.988134465038e-01
5.623413251903e+04	9.988667594645e-01
5.754399373371e+04	9.989176809167e-01
5.888436553556e+04	9.989663177967e-01
6.025595860743e+04	9.990127722890e-01
6.165950018615e+04	9.990571420351e-01
6.309573444802e+04	9.990995203329e-01
6.456542290346e+04	9.991399963277e-01
6.606934480076e+04	9.991786551952e-01
6.760829753920e+04	9.992155783164e-01
6.918309709189e+04	9.992508434448e-01
7.079457843841e+04	9.992845248667e-01
7.244359600750e+04	9.993166935544e-01
7.413102413009e+04	9.993474173131e-01
7.585775750292e+04	9.993767609203e-01
7.762471166287e+04	9.994047862607e-01
7.943282347243e+04	9.994315524540e-01
8.128305161641e+04	9.994571159779e-01
8.317637711026e+04	9.994815307849e-01
8.511380382024e+04	9.995048484149e-01
8.709635899561e+04	9.995271181022e-01
8.912509381337e+04	9.995483868782e-01
9.120108393559e+04	9.995686996689e-01
9.332543007970e+04	9.995880993896e-01
9.549925860214e+04	9.996066270335e-01
9.772372209558e+04	9.996243217578e-01
1.000000000000e+05	9.996412209656e-01
1.023292992281e+05	9.996573603838e-01
1.047128548051e+05	9.996727741383e-01
1.071519305238e+05	9.996874948252e-01
1.096478196143e+05	9.997015535791e-01
1.122018454302e+05	9.997149801386e-01
1.148153621497e+05	9.997278029084e-01
1.174897554939e+05	9.997400490190e-01
1.202264434617e+05	9.997517443840e-01
1.230268770812e+05	9.997629137541e-01
1.258925411794e+05	9.997735807691e-01
1.288249551693e+05	9.997837680081e-01
1.318256738556e+05	9.997934970366e-01
1.348962882592e+05	9.998027884517e-01
1.380384264603e+05	9.998116619262e-01
1.412537544623e+05	9.998201362490e-01
1.445439770746e+05	9.998282293657e-01
1.479108388168e+05	9.998359584155e-01
1.513561248436e+05	9.998433397682e-01
1.548816618912e+05	9.998503890578e-01
1.584893192461e+05	9.998571212164e-01
1.621810097359e+05	9.998635505048e-01
1.659586907438e+05	9.998696905434e-01
1.698243652462e+05	9.998755543403e-01
1.737800828749e+05	9.998811543192e-01
1.778279410039e+05	9.998865023453e-01
1.819700858610e+05	9.998916097508e-01
1.862087136663e+05	9.998964873582e-01
1.905460717963e+05	9.999011455037e-01
1.949844599758e+05	9.999055940589e-01
1.995262314969e+05	9.999098424516e-01
2.041737944669e+05	9.999138996856e-01
2.089296130854e+05	9.999177743602e-01
2.137962089502e+05	9.999214746877e-01
2.187761623949e+05	9.999250085114e-01
2.238721138568e+05	9.999283833218e-01
2.290867652768e+05	9.999316062726e-01
2.344228815320e+05	9.999346841958e-01
2.398832919019e+05	9.999376236162e-01
2.454708915685e+05	9.999404307651e-01
2.511886431510e+05	9.999431115936e-01
2.570395782769e+05	9.999456717850e-01
2.630267991895e+05	9.999481167671e-01
2.691534803927e+05	9.999504517237e-01
2.754228703338e+05	9.999526816052e-01
2.818382931264e+05	9.999548111395e-01
2.884031503127e+05	9.999568448416e-01
2.951209226666e+05	9.999587870236e-01
3.019951720402e+05	9.999606418036e-01
3.090295432514e+05	9.999624131143e-01
3.162277660168e+05	9.999641047118e-01
3.235936569296e+05	9.999657201828e-01
3.311311214826e+05	9.999672629530e-01
3.388441561392e+05	9.999687362937e-01
3.467368504525e+05	9.999701433292e-01
3.548133892336e+05	9.999714870433e-01
3.630780547701e+05	9.999727702853e-01
3.715352290972e+05	9.999739957766e-01
3.801893963206e+05	9.999751661158e-01
3.890451449943e+05	9.999762837850e-01
3.981071705535e+05	9.999773511542e-01
4.073802778041e+05	9.999783704871e-01
4.168693834703e+05	9.999793439454e-01
4.265795188016e+05	9.999802735935e-01
4.365158322402e+05	9.999811614029e-01
4.466835921510e+05	9.999820092566e-01
4.570881896149e+05	9.999828189526e-01
4.677351412872e+05	9.999835922081e-01
4.786300923226e+05	9.999843306630e-01
4.897788193684e+05	9.999850358835e-01
5.011872336273e+05	9.999857093652e-01
5.128613839914e+05	9.999863525366e-01
5.248074602498e+05	9.999869667616e-01
5.370317963702e+05	9.999875533430e-01
5.495408738576e+05	9.999881135249e-01
5.623413251903e+05	9.999886484953e-01
5.754399373371e+05	9.999891593888e-01
5.888436553556e+05	9.999896472891e-01
6.025595860743e+05	9.999901132310e-01
6.165950018615e+05	9.999905582026e-01
6.309573444802e+05	9.999909831477e-01
6.456542290346e+05	9.999913889677e-01
6.606934480076e+05	9.999917765232e-01
6.760829753920e+05	9.999921466363e-01
6.918309709189e+05	9.999925000919e-01
7.079457843841e+05	9.999928376397e-01
7.244359600750e+05	9.999931599957e-01
7.413102413009e+05	9.999934678436e-01
7.585775750292e+05	9.999937618363e-01
7.762471166287e+05	9.999940425974e-01
7.943282347243e+05	9.999943107224e-01
8.128305161641e+05	9.999945667800e-01
8.317637711026e+05	9.999948113133e-01
8.511380382024e+05	9.999950448409e-01
8.709635899561e+05	9.999952678582e-01
8.912509381337e+05	9.999954808383e-01
9.120108393559e+05	9.999956842327e-01
9.332543007970e+05	9.999958784730e-01
9.549925860214e+05	9.999960639712e-01
9.772372209558e+05	9.999962411207e-01
1.000000000000e+06	9.999964102972e-01
1.023292992281e+06	9.999965718596e-01
1.047128548051e+06	9.999967261506e-01
1.071519305238e+06	9.999968734974e-01
1.096478196143e+06	9.999970142126e-01
1.122018454302e+06	9.999971485946e-01
1.148153621497e+06	9.999972769284e-01
1.174897554939e+06	9.999973994864e-01
1.202264434617e+06	9.999975165283e-01
1.230268770812e+06	9.999976283026e-01
1.258925411794e+06	9.999977350462e-01
1.288249551693e+06	9.999978369856e-01
1.318256738556e+06	9.999979343369e-01
1.348962882592e+06	9.999980273068e-01
1.380384264603e+06	9.999981160924e-01
1.412537544623e+06	9.999982008820e-01
1.445439770746e+06	9.999982818554e-01
1.479108388168e+06	9.999983591845e-01
1.513561248436e+06	9.999984330332e-01
1.548816618912e+06	9.999985035581e-01
1.584893192461e+06	9.999985709090e-01
1.621810097359e+06	9.999986352285e-01
1.659586907438e+06	9.999986966532e-01
1.698243652462e+06	9.999987553134e-01
1.737800828749e+06	9.999988113334e-01
1.778279410039e+06	9.999988648321e-01
1.819700858610e+06	9.999989159230e-01
1.862087136663e+06	9.999989647144e-01
1.905460717963e+06	9.999990113099e-01
1.949844599758e+06	9.999990558082e-01
1.995262314969e+06	9.999990983038e-01
2.041737944669e+06	9.999991388868e-01
2.089296130854e+06	9.999991776432e-01
2.137962089502e+06	9.999992146553e-01
2.187761623949e+06	9.999992500016e-01
2.238721138568e+06	9.999992837570e-01
2.290867652768e+06	9.999993159933e-01
2.344228815320e+06	9.999993467786e-01
2.398832919019e+06	9.999993761784e-01
2.454708915685e+06	9.999994042550e-01
2.511886431510e+06	9.999994310679e-01
2.570395782769e+06	9.999994566740e-01
2.630267991895e+06	9.999994811277e-01
2.691534803927e+06	9.999995044808e-01
2.754228703338e+06	9.999995267828e-01
2.818382931264e+06	9.999995480811e-01
2.884031503127e+06	9.999995684208e-01
2.951209226666e+06	9.999995878450e-01
3.019951720402e+06	9.999996063950e-01
3.090295432513e+06	9.999996241102e-01
3.162277660168e+06	9.999996410280e-01
3.235936569296e+06	9.999996571844e-01
3.311311214826e+06	9.999996726136e-01
3.388441561392e+06	9.999996873484e-01
3.467368504525e+06	9.999997014201e-01
3.548133892336e+06	9.999997148584e-01
3.630780547701e+06	9.999997276918e-01
3.715352290972e+06	9.999997399477e-01
3.801893963205e+06	9.999997516520e-01
3.890451449943e+06	9.999997628295e-01
3.981071705535e+06	9.999997735039e-01
4.073802778041e+06	9.999997836979e-01
4.168693834703e+06	9.999997934331e-01
4.265795188016e+06	9.999998027302e-01
4.365158322402e+06	9.999998116088e-01
4.466835921509e+06	9.999998200878e-01
4.570881896149e+06	9.999998281851e-01
4.677351412872e+06	9.999998359181e-01
4.786300923226e+06	9.999998433030e-01
4.897788193684e+06	9.999998503555e-01
5.011872336273e+06	9.999998570906e-01
5.128613839913e+06	9.999998635226e-01
5.248074602498e+06	9.999998696651e-01
5.370317963702e+06	9.999998755311e-01
5.495408738576e+06	9.999998811332e-01
5.623413251903e+06	9.999998864830e-01
5.754399373371e+06	9.999998915921e-01
5.888436553556e+06	9.999998964713e-01
6.025595860743e+06	9.999999011309e-01
6.165950018615e+06	9.999999055807e-01
6.309573444802e+06	9.999999098303e-01
6.456542290346e+06	9.999999138886e-01
6.606934480076e+06	9.999999177642e-01
6.760829753920e+06	9.999999214654e-01
6.918309709189e+06	9.999999250001e-01
7.079457843841e+06	9.999999283756e-01
7.244359600750e+06	9.999999315993e-01
7.413102413009e+06	9.999999346778e-01
7.585775750292e+06	9.999999376178e-01
7.762471166287e+06	9.999999404254e-01
7.943282347243e+06	9.999999431067e-01
8.128305161641e+06	9.999999456674e-01
8.317637711026e+06	9.999999481127e-01
8.511380382023e+06	9.999999504480e-01
8.709635899561e+06	9.999999526782e-01
8.912509381337e+06	9.999999548081e-01
9.120108393559e+06	9.999999568421e-01
9.332543007970e+06	9.999999587845e-01
9.549925860214e+06	9.999999606395e-01
9.772372209558e+06	9.999999624110e-01
1.000000000000e+07	9.999999641028e-01
1.023292992281e+07	9.999999657184e-01
1.047128548051e+07	9.999999672613e-01
1.071519305238e+07	9.999999687348e-01
1.096478196143e+07	9.999999701420e-01
1.122018454302e+07	9.999999714858e-01
1.148153621497e+07	9.999999727692e-01
1.174897554939e+07	9.999999739948e-01
1.202264434617e+07	9.999999751652e-01
1.230268770812e+07	9.999999762829e-01
1.258925411794e+07	9.999999773504e-01
1.288249551693e+07	9.999999783698e-01
1.318256738556e+07	9.999999793433e-01
1.348962882592e+07	9.999999802730e-01
1.380384264603e+07	9.999999811609e-01
1.412537544623e+07	9.999999820088e-01
1.445439770746e+07	9.999999828185e-01
1.479108388168e+07	9.999999835918e-01
1.513561248436e+07	9.999999843303e-01
1.548816618912e+07	9.999999850355e-01
1.584893192461e+07	9.999999857091e-01
1.621810097359e+07	9.999999863523e-01
1.659586907438e+07	9.999999869665e-01
1.698243652462e+07	9.999999875531e-01
1.737800828749e+07	9.999999881133e-01
1.778279410039e+07	9.999999886483e-01
1.819700858610e+07	9.999999891592e-01
1.862087136663e+07	9.999999896471e-01
1.905460717963e+07	9.999999901131e-01
1.949844599758e+07	9.999999905581e-01
1.995262314969e+07	9.999999909830e-01
2.041737944669e+07	9.999999913889e-01
2.089296130854e+07	9.999999917764e-01
2.137962089502e+07	9.999999921465e-01
2.187761623949e+07	9.999999925000e-01
2.238721138568e+07	9.999999928376e-01
2.290867652768e+07	9.999999931599e-01
2.344228815320e+07	9.999999934678e-01
2.398832919019e+07	9.999999937618e-01
2.454708915685e+07	9.999999940425e-01
2.511886431509e+07	9.999999943107e-01
2.570395782769e+07	9.999999945667e-01
2.630267991895e+07	9.999999948113e-01
2.691534803927e+07	9.999999950448e-01
2.754228703338e+07	9.999999952678e-01
2.818382931264e+07	9.999999954808e-01
2.884031503127e+07	9.999999956842e-01
2.951209226666e+07	9.999999958784e-01
3.019951720402e+07	9.999999960639e-01
3.090295432513e+07	9.999999962411e-01
3.162277660168e+07	9.999999964103e-01
3.235936569296e+07	9.999999965718e-01
3.311311214826e+07	9.999999967261e-01
3.388441561392e+07	9.999999968735e-01
3.467368504525e+07	9.999999970142e-01
3.548133892336e+07	9.999999971486e-01
3.630780547701e+07	9.999999972769e-01
3.715352290972e+07	9.999999973995e-01
3.801893963205e+07	9.999999975165e-01
3.890451449943e+07	9.999999976283e-01
3.981071705535e+07	9.999999977350e-01
4.073802778041e+07	9.999999978370e-01
4.168693834703e+07	9.999999979343e-01
4.265795188016e+07	9.999999980273e-01
4.365158322402e+07	9.999999981161e-01
4.466835921509e+07	9.999999982009e-01
4.570881896149e+07	9.999999982819e-01
4.677351412872e+07	9.999999983592e-01
4.786300923226e+07	9.999999984330e-01
4.897788193684e+07	9.999999985036e-01
5.011872336273e+07	9.999999985709e-01
5.128613839913e+07	9.999999986352e-01
5.248074602498e+07	9.999999986967e-01
5.370317963702e+07	9.999999987553e-01
5.495408738576e+07	9.999999988113e-01
5.623413251903e+07	9.999999988648e-01
5.754399373371e+07	9.999999989159e-01
5.888436553556e+07	9.999999989647e-01
6.025595860743e+07	9.999999990113e-01
6.165950018615e+07	9.999999990558e-01
6.309573444802e+07	9.999999990983e-01
6.456542290346e+07	9.999999991389e-01
6.606934480076e+07	9.999999991776e-01
6.760829753920e+07	9.999999992147e-01
6.918309709189e+07	9.999999992500e-01
7.079457843841e+07	9.999999992838e-01
7.244359600750e+07	9.999999993160e-01
7.413102413009e+07	9.999999993468e-01
7.585775750292e+07	9.999999993762e-01
7.762471166287e+07	9.999999994043e-01
7.943282347243e+07	9.999999994311e-01
8.128305161641e+07	9.999999994567e-01
8.317637711026e+07	9.999999994811e-01
8.511380382023e+07	9.999999995045e-01
8.709635899560e+07	9.999999995268e-01
8.912509381337e+07	9.999999995481e-01
9.120108393559e+07	9.999999995684e-01
9.332543007970e+07	9.999999995878e-01
9.549925860214e+07	9.999999996064e-01
9.772372209558e+07	9.999999996241e-01
1.000000000000e+08	9.999999996410e-01
1.023292992281e+08	9.999999996572e-01
1.047128548051e+08	9.999999996726e-01
1.071519305238e+08	9.999999996873e-01
1.096478196143e+08	9.999999997014e-01
1.122018454302e+08	9.999999997149e-01
1.148153621497e+08	9.999999997277e-01
1.174897554939e+08	9.999999997399e-01
1.202264434617e+08	9.999999997517e-01
1.230268770812e+08	9.999999997628e-01
1.258925411794e+08	9.999999997735e-01
1.288249551693e+08	9.999999997837e-01
1.318256738556e+08	9.999999997934e-01
1.348962882592e+08	9.999999998027e-01
1.380384264603e+08	9.999999998116e-01
1.412537544623e+08	9.999999998201e-01
1.445439770746e+08	9.999999998282e-01
1.479108388168e+08	9.999999998359e-01
1.513561248436e+08	9.999999998433e-01
1.548816618912e+08	9.999999998504e-01
1.584893192461e+08	9.999999998571e-01
1.621810097359e+08	9.999999998635e-01
1.659586907438e+08	9.999999998697e-01
1.698243652462e+08	9.999999998755e-01
1.737800828749e+08	9.999999998811e-01
1.778279410039e+08	9.999999998865e-01
1.819700858610e+08	9.999999998916e-01
1.862087136663e+08	9.999999998965e-01
1.905460717963e+08	9.999999999011e-01
1.949844599758e+08	9.999999999056e-01
1.995262314969e+08	9.999999999098e-01
2.041737944669e+08	9.999999999139e-01
2.089296130854e+08	9.999999999178e-01
2.137962089502e+08	9.999999999215e-01
2.187761623949e+08	9.999999999250e-01
2.238721138568e+08	9.999999999284e-01
2.290867652768e+08	9.999999999316e-01
2.344228815320e+08	9.999999999347e-01
2.398832919019e+08	9.999999999376e-01
2.454708915685e+08	9.999999999404e-01
2.511886431509e+08	9.999999999431e-01
2.570395782769e+08	9.999999999457e-01
2.630267991895e+08	9.999999999481e-01
2.691534803927e+08	9.999999999504e-01
2.754228703338e+08	9.999999999527e-01
2.818382931264e+08	9.999999999548e-01
2.884031503127e+08	9.999999999568e-01
2.951209226666e+08	9.999999999588e-01
3.019951720402e+08	9.999999999606e-01
3.090295432513e+08	9.999999999624e-01
3.162277660168e+08	9.999999999641e-01
3.235936569296e+08	9.999999999657e-01
3.311311214826e+08	9.999999999673e-01
3.388441561392e+08	9.999999999687e-01
3.467368504525e+08	9.999999999701e-01
3.548133892336e+08	9.999999999715e-01
3.630780547701e+08	9.999999999728e-01
3.715352290972e+08	9.999999999740e-01
3.801893963205e+08	9.999999999752e-01
3.890451449943e+08	9.999999999763e-01
3.981071705535e+08	9.999999999774e-01
4.073802778041e+08	9.999999999784e-01
4.168693834703e+08	9.999999999793e-01
4.265795188016e+08	9.999999999803e-01
4.365158322401e+08	9.999999999812e-01
4.466835921509e+08	9.999999999820e-01
4.570881896149e+08	9.999999999828e-01
4.677351412872e+08	9.999999999836e-01
4.786300923226e+08	9.999999999843e-01
4.897788193684e+08	9.999999999850e-01
5.011872336273e+08	9.999999999857e-01
5.128613839913e+08	9.999999999864e-01
5.248074602498e+08	9.999999999870e-01
5.370317963702e+08	9.999999999876e-01
5.495408738576e+08	9.999999999881e-01
5.623413251903e+08	9.999999999886e-01
5.754399373371e+08	9.999999999892e-01
5.888436553556e+08	9.999999999896e-01
6.025595860743e+08	9.999999999901e-01
6.165950018615e+08	9.999999999906e-01
6.309573444802e+08	9.999999999910e-01
6.456542290346e+08	9.999999999914e-01
6.606934480076e+08	9.999999999918e-01
6.760829753920e+08	9.999999999921e-01
6.918309709189e+08	9.999999999925e-01
7.079457843841e+08	9.999999999928e-01
7.244359600750e+08	9.999999999932e-01
7.413102413009e+08	9.999999999935e-01
7.585775750292e+08	9.999999999938e-01
7.762471166287e+08	9.999999999940e-01
7.943282347243e+08	9.999999999943e-01
8.128305161641e+08	9.999999999946e-01
8.317637711026e+08	9.999999999948e-01
8.511380382023e+08	9.999999999950e-01
8.709635899560e+08	9.999999999953e-01
8.912509381337e+08	9.999999999955e-01
9.120108393559e+08	9.999999999957e-01
9.332543007970e+08	9.999999999959e-01
9.549925860214e+08	9.999999999961e-01
9.772372209558e+08	9.999999999962e-01
1.000000000000e+09	9.999999999964e-01

