1.000000000000e-03	3.501200629396e-05
1.023292992281e-03	3.586878712222e-05
1.047128548051e-03	3.674842056188e-05
1.071519305238e-03	3.765163960627e-05
1.096478196143e-03	3.857920793071e-05
1.122018454302e-03	3.953192149527e-05
1.148153621497e-03	4.051061023992e-05
1.174897554940e-03	4.151613987567e-05
1.202264434617e-03	4.254941377723e-05
1.230268770812e-03	4.361137498386e-05
1.258925411794e-03	4.470300831196e-05
1.288249551693e-03	4.582534258841e-05
1.318256738556e-03	4.697945300677e-05
1.348962882592e-03	4.816646361749e-05
1.380384264603e-03	4.938754995454e-05
1.412537544623e-03	5.064394180836e-05
1.445439770746e-03	5.193692615096e-05
1.479108388168e-03	5.326785022141e-05
1.513561248436e-03	5.463812477805e-05
1.548816618912e-03	5.604922752735e-05
1.584893192461e-03	5.750270673590e-05
1.621810097359e-03	5.900018503519e-05
1.659586907438e-03	6.054336342704e-05
1.698243652462e-03	6.213402549906e-05
1.737800828749e-03	6.377404185933e-05
1.778279410039e-03	6.546537479927e-05
1.819700858610e-03	6.721008319512e-05
1.862087136663e-03	6.901032765713e-05
1.905460717963e-03	7.086837593597e-05
1.949844599758e-03	7.278660859905e-05
1.995262314969e-03	7.476752498339e-05
2.041737944670e-03	7.681374943998e-05
2.089296130854e-03	7.892803787589e-05
2.137962089502e-03	8.111328461010e-05
2.187761623950e-03	8.337252954830e-05
2.238721138568e-03	8.570896569475e-05
2.290867652768e-03	8.812594700654e-05
2.344228815320e-03	9.062699660650e-05
2.398832919019e-03	9.321581536340e-05
2.454708915685e-03	9.589629085418e-05
2.511886431510e-03	9.867250671915e-05
2.570395782769e-03	1.015487524223e-04
2.630267991895e-03	1.045295334306e-04
2.691534803927e-03	1.076195818260e-04
2.754228703338e-03	1.108238673606e-04
2.818382931264e-03	1.141476089726e-04
2.884031503127e-03	1.175962867739e-04
2.951209226666e-03	1.211756545256e-04
3.019951720402e-03	1.248917526173e-04
3.090295432514e-03	1.287509215614e-04
3.162277660168e-03	1.327598160254e-04
3.235936569296e-03	1.369254194113e-04
3.311311214826e-03	1.412550590059e-04
3.388441561392e-03	1.457564217142e-04
3.467368504525e-03	1.504375704000e-04
3.548133892336e-03	1.553069608480e-04
3.630780547701e-03	1.603734593720e-04
3.715352290972e-03	1.656463610873e-04
3.801893963206e-03	1.711354088691e-04
3.890451449943e-03	1.768508130230e-04
3.981071705535e-03	1.828032716864e-04
4.073802778041e-03	1.890039919868e-04
4.168693834703e-03	1.954647119858e-04
4.265795188016e-03	2.021977234277e-04
4.365158322402e-03	2.092158953245e-04
4.466835921510e-03	2.165326984042e-04
4.570881896149e-03	2.241622304450e-04
4.677351412872e-03	2.321192425300e-04
4.786300923226e-03	2.404191662455e-04
4.897788193684e-03	2.490781418549e-04
5.011872336273e-03	2.581130474731e-04
5.128613839914e-03	2.675415292700e-04
5.248074602498e-03	2.773820327331e-04
5.370317963703e-03	2.876538350119e-04
5.495408738576e-03	2.983770783717e-04
5.623413251903e-03	3.095728047796e-04
5.754399373372e-03	3.212629916452e-04
5.888436553556e-03	3.334705887390e-04
6.025595860744e-03	3.462195563002e-04
6.165950018615e-03	3.595349043540e-04
6.309573444802e-03	3.734427332489e-04
6.456542290347e-03	3.879702754211e-04
6.606934480076e-03	4.031459383869e-04
6.760829753920e-03	4.189993489719e-04
6.918309709189e-03	4.355613987554e-04
7.079457843841e-03	4.528642907325e-04
7.244359600750e-03	4.709415871661e-04
7.413102413009e-03	4.898282586063e-04
7.585775750292e-03	5.095607340434e-04
7.762471166287e-03	5.301769521557e-04
7.943282347243e-03	5.517164135908e-04
8.128305161641e-03	5.742202342367e-04
8.317637711027e-03	5.977311993950e-04
8.511380382024e-03	6.222938187819e-04
8.709635899561e-03	6.479543822636e-04
8.912509381337e-03	6.747610162100e-04
9.120108393559e-03	7.027637403565e-04
9.332543007970e-03	7.320145250284e-04
9.549925860214e-03	7.625673485794e-04
9.772372209558e-03	7.944782548840e-04
1.000000000000e-02	8.278054106838e-04
1.023292992281e-02	8.626091626059e-04
1.047128548051e-02	8.989520936171e-04
1.071519305238e-02	9.368990786838e-04
1.096478196143e-02	9.765173393824e-04
1.122018454302e-02	1.017876497174e-03
1.148153621497e-02	1.061048625065e-03
1.174897554940e-02	1.106108297310e-03
1.202264434617e-02	1.153132636861e-03
1.230268770812e-02	1.202201360171e-03
1.258925411794e-02	1.253396819009e-03
1.288249551693e-02	1.306804038885e-03
1.318256738556e-02	1.362510753675e-03
1.348962882592e-02	1.420607436056e-03
1.380384264603e-02	1.481187323279e-03
1.412537544623e-02	1.544346437883e-03
1.445439770746e-02	1.610183602868e-03
1.479108388168e-02	1.678800450908e-03
1.513561248436e-02	1.750301427138e-03
1.548816618912e-02	1.824793785067e-03
1.584893192461e-02	1.902387575213e-03
1.621810097359e-02	1.983195626011e-03
1.659586907438e-02	2.067333516615e-03
1.698243652462e-02	2.154919541233e-03
1.737800828749e-02	2.246074664653e-03
1.778279410039e-02	2.340922468674e-03
1.819700858610e-02	2.439589089216e-03
1.862087136663e-02	2.542203143920e-03
1.905460717963e-02	2.648895650132e-03
1.949844599758e-02	2.759799933240e-03
1.995262314969e-02	2.875051525408e-03
2.041737944670e-02	2.994788054871e-03
2.089296130854e-02	3.119149125996e-03
2.137962089502e-02	3.248276190509e-03
2.187761623950e-02	3.382312410322e-03
2.238721138568e-02	3.521402512551e-03
2.290867652768e-02	3.665692637482e-03
2.344228815320e-02	3.815330180247e-03
2.398832919019e-02	3.970463627268e-03
2.454708915685e-02	4.131242388501e-03
2.511886431510e-02	4.297816626769e-03
2.570395782769e-02	4.470337085485e-03
2.630267991895e-02	4.648954916260e-03
2.691534803927e-02	4.833821507980e-03
2.754228703338e-02	5.025088318999e-03
2.818382931264e-02	5.222906714196e-03
2.884031503127e-02	5.427427808761e-03
2.951209226666e-02	5.638802320494e-03
3.019951720402e-02	5.857180432563e-03
3.090295432514e-02	6.082711668582e-03
3.162277660168e-02	6.315544781853e-03
3.235936569296e-02	6.555827660633e-03
3.311311214826e-02	6.803707251099e-03
3.388441561392e-02	7.059329499698e-03
3.467368504525e-02	7.322839316361e-03
3.548133892336e-02	7.594380559929e-03
3.630780547701e-02	7.874096047006e-03
3.715352290972e-02	8.162127585148e-03
3.801893963206e-02	8.458616031229e-03
3.890451449943e-02	8.763701375429e-03
3.981071705535e-02	9.077522851216e-03
4.073802778041e-02	9.400219071255e-03
4.168693834703e-02	9.731928189117e-03
4.265795188016e-02	1.007278808622e-02
4.365158322402e-02	1.042293658330e-02
4.466835921510e-02	1.078251167553e-02
4.570881896149e-02	1.115165178987e-02
4.677351412872e-02	1.153049606345e-02
4.786300923226e-02	1.191918464132e-02
4.897788193684e-02	1.231785899175e-02
5.011872336273e-02	1.272666223727e-02
5.128613839914e-02	1.314573949930e-02
5.248074602498e-02	1.357523825454e-02
5.370317963702e-02	1.401530870071e-02
5.495408738576e-02	1.446610412970e-02
5.623413251903e-02	1.492778130586e-02
5.754399373372e-02	1.540050084745e-02
5.888436553556e-02	1.588442760921e-02
6.025595860744e-02	1.637973106403e-02
6.165950018615e-02	1.688658568206e-02
6.309573444802e-02	1.740517130552e-02
6.456542290347e-02	1.793567351766e-02
6.606934480076e-02	1.847828400460e-02
6.760829753920e-02	1.903320090873e-02
6.918309709189e-02	1.960062917292e-02
7.079457843841e-02	2.018078087439e-02
7.244359600750e-02	2.077387554783e-02
7.413102413009e-02	2.138014049726e-02
7.585775750292e-02	2.199981109626e-02
7.762471166287e-02	2.263313107652e-02
7.943282347243e-02	2.328035280465e-02
8.128305161641e-02	2.394173754748e-02
8.317637711027e-02	2.461755572612e-02
8.511380382024e-02	2.530808715910e-02
8.709635899561e-02	2.601362129526e-02
8.912509381337e-02	2.673445743676e-02
9.120108393559e-02	2.747090495309e-02
9.332543007970e-02	2.822328348666e-02
9.549925860214e-02	2.899192315080e-02
9.772372209558e-02	2.977716472088e-02
1.000000000000e-01	3.057935981954e-02
1.023292992281e-01	3.139887109674e-02
1.047128548051e-01	3.223607240543e-02
1.071519305238e-01	3.309134897383e-02
1.096478196143e-01	3.396509757491e-02
1.122018454302e-01	3.485772669411e-02
1.148153621497e-01	3.576965669586e-02
1.174897554940e-01	3.670131998969e-02
1.202264434617e-01	3.765316119667e-02
1.230268770812e-01	3.862563731676e-02
1.258925411794e-01	3.961921789770e-02
1.288249551693e-01	4.063438520609e-02
1.318256738556e-01	4.167163440098e-02
1.348962882592e-01	4.273147371065e-02
1.380384264603e-01	4.381442461284e-02
1.412537544623e-01	4.492102201891e-02
1.445439770746e-01	4.605181446228e-02
1.479108388168e-01	4.720736429125e-02
1.513561248436e-01	4.838824786670e-02
1.548816618912e-01	4.959505576459e-02
1.584893192461e-01	5.082839298378e-02
1.621810097359e-01	5.208887915877e-02
1.659586907438e-01	5.337714877799e-02
1.698243652462e-01	5.469385140718e-02
1.737800828749e-01	5.603965191822e-02
1.778279410039e-01	5.741523072315e-02
1.819700858610e-01	5.882128401333e-02
1.862087136663e-01	6.025852400373e-02
1.905460717963e-01	6.172767918201e-02
1.949844599758e-01	6.322949456239e-02
1.995262314969e-01	6.476473194392e-02
2.041737944670e-01	6.633417017297e-02
2.089296130854e-01	6.793860540967e-02
2.137962089502e-01	6.957885139773e-02
2.187761623950e-01	7.125573973770e-02
2.238721138568e-01	7.297012016270e-02
2.290867652768e-01	7.472286081662e-02
2.344228815320e-01	7.651484853407e-02
2.398832919019e-01	7.834698912149e-02
2.454708915685e-01	8.022020763897e-02
2.511886431510e-01	8.213544868197e-02
2.570395782769e-01	8.409367666242e-02
2.630267991895e-01	8.609587608828e-02
2.691534803927e-01	8.814305184082e-02
2.754228703338e-01	9.023622944872e-02
2.818382931264e-01	9.237645535812e-02
2.884031503127e-01	9.456479719746e-02
2.951209226666e-01	9.680234403621e-02
3.019951720402e-01	9.909020663612e-02
3.090295432514e-01	1.014295176939e-01
3.162277660168e-01	1.038214320741e-01
3.235936569296e-01	1.062671270300e-01
3.311311214826e-01	1.087678024126e-01
3.388441561392e-01	1.113246808638e-01
3.467368504525e-01	1.139390079945e-01
3.548133892336e-01	1.166120525433e-01
3.630780547701e-01	1.193451065163e-01
3.715352290972e-01	1.221394853030e-01
3.801893963206e-01	1.249965277694e-01
3.890451449943e-01	1.279175963224e-01
3.981071705535e-01	1.309040769460e-01
4.073802778041e-01	1.339573792039e-01
4.168693834703e-01	1.370789362081e-01
4.265795188016e-01	1.402702045480e-01
4.365158322402e-01	1.435326641785e-01
4.466835921510e-01	1.468678182633e-01
4.570881896149e-01	1.502771929681e-01
4.677351412872e-01	1.537623372025e-01
4.786300923226e-01	1.573248223040e-01
4.897788193684e-01	1.609662416614e-01
5.011872336273e-01	1.646882102718e-01
5.128613839914e-01	1.684923642272e-01
5.248074602498e-01	1.723803601251e-01
5.370317963702e-01	1.763538743976e-01
5.495408738576e-01	1.804146025541e-01
5.623413251903e-01	1.845642583308e-01
5.754399373372e-01	1.888045727408e-01
5.888436553556e-01	1.931372930190e-01
6.025595860744e-01	1.975641814548e-01
6.165950018615e-01	2.020870141044e-01
6.309573444802e-01	2.067075793773e-01
6.456542290346e-01	2.114276764876e-01
6.606934480076e-01	2.162491137631e-01
6.760829753920e-01	2.211737068042e-01
6.918309709189e-01	2.262032764831e-01
7.079457843841e-01	2.313396467760e-01
7.244359600750e-01	2.365846424184e-01
7.413102413009e-01	2.419400863753e-01
7.585775750292e-01	2.474077971167e-01
7.762471166287e-01	2.529895856887e-01
7.943282347243e-01	2.586872525719e-01
8.128305161641e-01	2.645025843174e-01
8.317637711027e-01	2.704373499500e-01
8.511380382024e-01	2.764932971317e-01
8.709635899561e-01	2.826721480745e-01
8.912509381337e-01	2.889755951941e-01
9.120108393559e-01	2.954052964986e-01
9.332543007970e-01	3.019628707004e-01
9.549925860214e-01	3.086498920476e-01
9.772372209558e-01	3.154678848674e-01
1.000000000000e+00	3.224183178149e-01
1.023292992281e+00	3.295025978247e-01
1.047128548051e+00	3.367220637607e-01
1.071519305238e+00	3.440779797629e-01
1.096478196143e+00	3.515715282914e-01
1.122018454302e+00	3.592038028680e-01
1.148153621497e+00	3.669758005202e-01
1.174897554940e+00	3.748884139335e-01
1.202264434617e+00	3.829424233196e-01
1.230268770812e+00	3.911384880129e-01
1.258925411794e+00	3.994771378082e-01
1.288249551693e+00	4.079587640587e-01
1.318256738556e+00	4.165836105548e-01
1.348962882592e+00	4.253517642067e-01
1.380384264603e+00	4.342631455640e-01
1.412537544623e+00	4.433174992011e-01
1.445439770746e+00	4.525143840085e-01
1.479108388168e+00	4.618531634327e-01
1.513561248436e+00	4.713329957103e-01
1.548816618912e+00	4.809528241499e-01
1.584893192461e+00	4.907113675192e-01
1.621810097359e+00	5.006071105990e-01
1.659586907438e+00	5.106382949717e-01
1.698243652462e+00	5.208029101180e-01
1.737800828749e+00	5.310986848968e-01
1.778279410039e+00	5.415230794929e-01
1.819700858610e+00	5.520732779148e-01
1.862087136663e+00	5.627461811360e-01
1.905460717963e+00	5.735384009691e-01
1.949844599758e+00	5.844462547699e-01
1.995262314969e+00	5.954657610663e-01
2.041737944670e+00	6.065926362104e-01
2.089296130854e+00	6.178222921507e-01
2.137962089502e+00	6.291498354175e-01
2.187761623950e+00	6.405700674167e-01
2.238721138568e+00	6.520774861179e-01
2.290867652768e+00	6.636662892201e-01
2.344228815320e+00	6.753303788706e-01
2.398832919019e+00	6.870633680032e-01
2.454708915685e+00	6.988585883523e-01
2.511886431510e+00	7.107091001872e-01
2.570395782769e+00	7.226077037983e-01
2.630267991895e+00	7.345469527515e-01
2.691534803927e+00	7.465191689108e-01
2.754228703338e+00	7.585164592127e-01
2.818382931264e+00	7.705307341582e-01
2.884031503127e+00	7.825537279665e-01
2.951209226666e+00	7.945770203189e-01
3.019951720402e+00	8.065920595989e-01
3.090295432514e+00	8.185901875161e-01
3.162277660168e+00	8.305626649833e-01
3.235936569296e+00	8.425006990948e-01
3.311311214826e+00	8.543954710400e-01
3.388441561392e+00	8.662381647718e-01
3.467368504525e+00	8.780199962287e-01
3.548133892336e+00	8.897322429061e-01
3.630780547701e+00	9.013662735596e-01
3.715352290972e+00	9.129135778137e-01
3.801893963206e+00	9.243657954508e-01
3.890451449943e+00	9.357147451531e-01
3.981071705535e+00	9.469524524691e-01
4.073802778041e+00	9.580711767872e-01
4.168693834703e+00	9.690634371047e-01
4.265795188016e+00	9.799220363922e-01
4.365158322402e+00	9.906400843681e-01
4.466835921510e+00	1.001211018516e+00
4.570881896149e+00	1.011628623195e+00
4.677351412872e+00	1.021887046716e+00
4.786300923226e+00	1.031980816277e+00
4.897788193684e+00	1.041904850676e+00
5.011872336273e+00	1.051654470749e+00
5.128613839914e+00	1.061225407493e+00
5.248074602498e+00	1.070613807867e+00
5.370317963702e+00	1.079816238296e+00
5.495408738576e+00	1.088829685904e+00
5.623413251903e+00	1.097651557542e+00
5.754399373371e+00	1.106279676695e+00
5.888436553556e+00	1.114712278356e+00
6.025595860744e+00	1.122948001999e+00
6.165950018615e+00	1.130985882750e+00
6.309573444802e+00	1.138825340936e+00
6.456542290346e+00	1.146466170119e+00
6.606934480076e+00	1.153908523801e+00
6.760829753920e+00	1.161152900946e+00
6.918309709189e+00	1.168200130485e+00
7.079457843841e+00	1.175051354958e+00
7.244359600750e+00	1.181708013472e+00
7.413102413009e+00	1.188171824107e+00
7.585775750292e+00	1.194444765935e+00
7.762471166287e+00	1.200529060801e+00
7.943282347243e+00	1.206427154983e+00
8.128305161641e+00	1.212141700880e+00
8.317637711027e+00	1.217675538827e+00
8.511380382024e+00	1.223031679155e+00
8.709635899561e+00	1.228213284600e+00
8.912509381337e+00	1.233223653122e+00
9.120108393559e+00	1.238066201238e+00
9.332543007970e+00	1.242744447920e+00
9.549925860214e+00	1.247261999113e+00
9.772372209558e+00	1.251622532925e+00
1.000000000000e+01	1.255829785517e+00
1.023292992281e+01	1.259887537724e+00
1.047128548051e+01	1.263799602436e+00
1.071519305238e+01	1.267569812728e+00
1.096478196143e+01	1.271202010764e+00
1.122018454302e+01	1.274700037467e+00
1.148153621497e+01	1.278067722941e+00
1.174897554940e+01	1.281308877651e+00
1.202264434617e+01	1.284427284316e+00
1.230268770812e+01	1.287426690531e+00
1.258925411794e+01	1.290310802056e+00
1.288249551693e+01	1.293083276790e+00
1.318256738556e+01	1.295747719354e+00
1.348962882592e+01	1.298307676300e+00
1.380384264603e+01	1.300766631883e+00
1.412537544623e+01	1.303128004383e+00
1.445439770746e+01	1.305395142934e+00
1.479108388168e+01	1.307571324841e+00
1.513561248436e+01	1.309659753344e+00
1.548816618912e+01	1.311663555801e+00
1.584893192461e+01	1.313585782260e+00
1.621810097359e+01	1.315429404398e+00
1.659586907438e+01	1.317197314777e+00
1.698243652462e+01	1.318892326419e+00
1.737800828749e+01	1.320517172653e+00
1.778279410039e+01	1.322074507211e+00
1.819700858610e+01	1.323566904557e+00
1.862087136663e+01	1.324996860422e+00
1.905460717963e+01	1.326366792523e+00
1.949844599758e+01	1.327679041443e+00
1.995262314969e+01	1.328935871666e+00
2.041737944670e+01	1.330139472726e+00
2.089296130854e+01	1.331291960481e+00
2.137962089502e+01	1.332395378476e+00
2.187761623950e+01	1.333451699388e+00
2.238721138568e+01	1.334462826543e+00
2.290867652768e+01	1.335430595488e+00
2.344228815320e+01	1.336356775612e+00
2.398832919019e+01	1.337243071796e+00
2.454708915685e+01	1.338091126099e+00
2.511886431510e+01	1.338902519456e+00
2.570395782769e+01	1.339678773389e+00
2.630267991895e+01	1.340421351722e+00
2.691534803927e+01	1.341131662297e+00
2.754228703338e+01	1.341811058674e+00
2.818382931264e+01	1.342460841830e+00
2.884031503127e+01	1.343082261834e+00
2.951209226666e+01	1.343676519504e+00
3.019951720402e+01	1.344244768041e+00
3.090295432514e+01	1.344788114635e+00
3.162277660168e+01	1.345307622044e+00
3.235936569296e+01	1.345804310143e+00
3.311311214826e+01	1.346279157435e+00
3.388441561392e+01	1.346733102532e+00
3.467368504525e+01	1.347167045606e+00
3.548133892336e+01	1.347581849789e+00
3.630780547701e+01	1.347978342554e+00
3.715352290972e+01	1.348357317045e+00
3.801893963206e+01	1.348719533374e+00
3.890451449943e+01	1.349065719885e+00
3.981071705535e+01	1.349396574371e+00
4.073802778041e+01	1.349712765263e+00
4.168693834703e+01	1.350014932773e+00
4.265795188016e+01	1.350303690007e+00
4.365158322402e+01	1.350579624038e+00
4.466835921510e+01	1.350843296944e+00
4.570881896149e+01	1.351095246807e+00
4.677351412872e+01	1.351335988688e+00
4.786300923226e+01	1.351566015554e+00
4.897788193684e+01	1.351785799181e+00
5.011872336273e+01	1.351995791022e+00
5.128613839914e+01	1.352196423042e+00
5.248074602498e+01	1.352388108526e+00
5.370317963702e+01	1.352571242850e+00
5.495408738576e+01	1.352746204230e+00
5.623413251903e+01	1.352913354438e+00
5.754399373371e+01	1.353073039494e+00
5.888436553556e+01	1.353225590326e+00
6.025595860743e+01	1.353371323409e+00
6.165950018615e+01	1.353510541379e+00
6.309573444802e+01	1.353643533616e+00
6.456542290346e+01	1.353770576813e+00
6.606934480076e+01	1.353891935517e+00
6.760829753920e+01	1.354007862647e+00
6.918309709189e+01	1.354118599997e+00
7.079457843841e+01	1.354224378708e+00
7.244359600750e+01	1.354325419734e+00
7.413102413009e+01	1.354421934277e+00
7.585775750292e+01	1.354514124212e+00
7.762471166287e+01	1.354602182489e+00
7.943282347243e+01	1.354686293523e+00
8.128305161641e+01	1.354766633562e+00
8.317637711027e+01	1.354843371047e+00
8.511380382024e+01	1.354916666948e+00
8.709635899561e+01	1.354986675095e+00
8.912509381337e+01	1.355053542485e+00
9.120108393559e+01	1.355117409588e+00
9.332543007970e+01	1.355178410628e+00
9.549925860214e+01	1.355236673858e+00
9.772372209558e+01	1.355292321826e+00
1.000000000000e+02	1.355345471621e+00
1.023292992281e+02	1.355396235118e+00
1.047128548051e+02	1.355444719206e+00
1.071519305238e+02	1.355491026007e+00
1.096478196143e+02	1.355535253088e+00
1.122018454302e+02	1.355577493664e+00
1.148153621497e+02	1.355617836787e+00
1.174897554940e+02	1.355656367532e+00
1.202264434617e+02	1.355693167175e+00
1.230268770812e+02	1.355728313358e+00
1.258925411794e+02	1.355761880254e+00
1.288249551693e+02	1.355793938718e+00
1.318256738556e+02	1.355824556436e+00
1.348962882592e+02	1.355853798066e+00
1.380384264603e+02	1.355881725371e+00
1.412537544623e+02	1.355908397352e+00
1.445439770746e+02	1.355933870365e+00
1.479108388168e+02	1.355958198243e+00
1.513561248436e+02	1.355981432409e+00
1.548816618912e+02	1.356003621980e+00
1.584893192461e+02	1.356024813872e+00
1.621810097359e+02	1.356045052900e+00
1.659586907438e+02	1.356064381867e+00
1.698243652462e+02	1.356082841659e+00
1.737800828749e+02	1.356100471326e+00
1.778279410039e+02	1.356117308170e+00
1.819700858610e+02	1.356133387817e+00
1.862087136663e+02	1.356148744293e+00
1.905460717963e+02	1.356163410102e+00
1.949844599758e+02	1.356177416284e+00
1.995262314969e+02	1.356190792489e+00
2.041737944669e+02	1.356203567035e+00
2.089296130854e+02	1.356215766969e+00
2.137962089502e+02	1.356227418123e+00
2.187761623950e+02	1.356238545168e+00
2.238721138568e+02	1.356249171670e+00
2.290867652768e+02	1.356259320133e+00
2.344228815320e+02	1.356269012053e+00
2.398832919019e+02	1.356278267958e+00
2.454708915685e+02	1.356287107456e+00
2.511886431510e+02	1.356295549272e+00
2.570395782769e+02	1.356303611291e+00
2.630267991895e+02	1.356311310593e+00
2.691534803927e+02	1.356318663492e+00
2.754228703338e+02	1.356325685567e+00
2.818382931264e+02	1.356332391699e+00
2.884031503127e+02	1.356338796098e+00
2.951209226666e+02	1.356344912336e+00
3.019951720402e+02	1.356350753374e+00
3.090295432514e+02	1.356356331594e+00
3.162277660168e+02	1.356361658816e+00
3.235936569296e+02	1.356366746332e+00
3.311311214826e+02	1.356371604925e+00
3.388441561392e+02	1.356376244894e+00
3.467368504525e+02	1.356380676075e+00
3.548133892336e+02	1.356384907859e+00
3.630780547701e+02	1.356388949219e+00
3.715352290972e+02	1.356392808722e+00
3.801893963206e+02	1.356396494548e+00
3.890451449943e+02	1.356400014513e+00
3.981071705535e+02	1.356403376079e+00
4.073802778041e+02	1.356406586372e+00
4.168693834703e+02	1.356409652200e+00
4.265795188016e+02	1.356412580062e+00
4.365158322402e+02	1.356415376165e+00
4.466835921510e+02	1.356418046439e+00
4.570881896149e+02	1.356420596546e+00
4.677351412872e+02	1.356423031891e+00
4.786300923226e+02	1.356425357641e+00
4.897788193684e+02	1.356427578725e+00
5.011872336273e+02	1.356429699853e+00
5.128613839914e+02	1.356431725524e+00
5.248074602498e+02	1.356433660033e+00
5.370317963702e+02	1.356435507482e+00
5.495408738576e+02	1.356437271789e+00
5.623413251903e+02	1.356438956694e+00
5.754399373371e+02	1.356440565772e+00
5.888436553556e+02	1.356442102435e+00
6.025595860743e+02	1.356443569940e+00
6.165950018615e+02	1.356444971401e+00
6.309573444802e+02	1.356446309789e+00
6.456542290346e+02	1.356447587943e+00
6.606934480076e+02	1.356448808573e+00
6.760829753920e+02	1.356449974269e+00
6.918309709189e+02	1.356451087501e+00
7.079457843841e+02	1.356452150632e+00
7.244359600750e+02	1.356453165915e+00
7.413102413009e+02	1.356454135505e+00
7.585775750292e+02	1.356455061457e+00
7.762471166287e+02	1.356455945735e+00
7.943282347243e+02	1.356456790215e+00
8.128305161641e+02	1.356457596687e+00
8.317637711027e+02	1.356458366863e+00
8.511380382024e+02	1.356459102375e+00
8.709635899561e+02	1.356459804784e+00
8.912509381337e+02	1.356460475579e+00
9.120108393559e+02	1.356461116183e+00
9.332543007970e+02	1.356461727955e+00
9.549925860214e+02	1.356462312192e+00
9.772372209558e+02	1.356462870134e+00
1.000000000000e+03	1.356463402963e+00
1.023292992281e+03	1.356463911810e+00
1.047128548051e+03	1.356464397754e+00
1.071519305238e+03	1.356464861826e+00
1.096478196143e+03	1.356465305010e+00
1.122018454302e+03	1.356465728246e+00
1.148153621497e+03	1.356466132432e+00
1.174897554940e+03	1.356466518425e+00
1.202264434617e+03	1.356466887044e+00
1.230268770812e+03	1.356467239070e+00
1.258925411794e+03	1.356467575251e+00
1.288249551693e+03	1.356467896298e+00
1.318256738556e+03	1.356468202895e+00
1.348962882592e+03	1.356468495689e+00
1.380384264603e+03	1.356468775303e+00
1.412537544623e+03	1.356469042330e+00
1.445439770746e+03	1.356469297336e+00
1.479108388168e+03	1.356469540862e+00
1.513561248436e+03	1.356469773424e+00
1.548816618912e+03	1.356469995516e+00
1.584893192461e+03	1.356470207609e+00
1.621810097359e+03	1.356470410153e+00
1.659586907438e+03	1.356470603576e+00
1.698243652462e+03	1.356470788291e+00
1.737800828749e+03	1.356470964687e+00
1.778279410039e+03	1.356471133140e+00
1.819700858610e+03	1.356471294007e+00
1.862087136663e+03	1.356471447629e+00
1.905460717963e+03	1.356471594332e+00
1.949844599758e+03	1.356471734427e+00
1.995262314969e+03	1.356471868211e+00
2.041737944669e+03	1.356471995968e+00
2.089296130854e+03	1.356472117969e+00
2.137962089502e+03	1.356472234472e+00
2.187761623950e+03	1.356472345725e+00
2.238721138568e+03	1.356472451965e+00
2.290867652768e+03	1.356472553415e+00
2.344228815320e+03	1.356472650292e+00
2.398832919019e+03	1.356472742800e+00
2.454708915685e+03	1.356472831136e+00
2.511886431510e+03	1.356472915488e+00
2.570395782769e+03	1.356472996035e+00
2.630267991895e+03	1.356473072946e+00
2.691534803927e+03	1.356473146386e+00
2.754228703338e+03	1.356473216509e+00
2.818382931264e+03	1.356473283466e+00
2.884031503127e+03	1.356473347397e+00
2.951209226666e+03	1.356473408439e+00
3.019951720402e+03	1.356473466721e+00
3.090295432514e+03	1.356473522367e+00
3.162277660168e+03	1.356473575494e+00
3.235936569296e+03	1.356473626215e+00
3.311311214826e+03	1.356473674638e+00
3.388441561392e+03	1.356473720865e+00
3.467368504525e+03	1.356473764996e+00
3.548133892336e+03	1.356473807122e+00
3.630780547701e+03	1.356473847334e+00
3.715352290972e+03	1.356473885717e+00
3.801893963206e+03	1.356473922353e+00
3.890451449943e+03	1.356473957318e+00
3.981071705535e+03	1.356473990687e+00
4.073802778041e+03	1.356474022531e+00
4.168693834703e+03	1.356474052918e+00
4.265795188016e+03	1.356474081912e+00
4.365158322402e+03	1.356474109574e+00
4.466835921510e+03	1.356474135964e+00
4.570881896149e+03	1.356474161136e+00
4.677351412872e+03	1.356474185145e+00
4.786300923226e+03	1.356474208041e+00
4.897788193684e+03	1.356474229874e+00
5.011872336273e+03	1.356474250688e+00
5.128613839914e+03	1.356474270529e+00
5.248074602498e+03	1.356474289439e+00
5.370317963702e+03	1.356474307457e+00
5.495408738576e+03	1.356474324622e+00
5.623413251903e+03	1.356474340971e+00
5.754399373371e+03	1.356474356537e+00
5.888436553556e+03	1.356474371354e+00
6.025595860743e+03	1.356474385454e+00
6.165950018615e+03	1.356474398866e+00
6.309573444802e+03	1.356474411618e+00
6.456542290346e+03	1.356474423739e+00
6.606934480076e+03	1.356474435253e+00
6.760829753920e+03	1.356474446185e+00
6.918309709189e+03	1.356474456558e+00
7.079457843841e+03	1.356474466394e+00
7.244359600750e+03	1.356474475714e+00
7.413102413009e+03	1.356474484538e+00
7.585775750292e+03	1.356474492884e+00
7.762471166287e+03	1.356474500770e+00
7.943282347243e+03	1.356474508214e+00
8.128305161641e+03	1.356474515230e+00
8.317637711027e+03	1.356474521834e+00
8.511380382024e+03	1.356474528039e+00
8.709635899561e+03	1.356474533859e+00
8.912509381337e+03	1.356474539306e+00
9.120108393559e+03	1.356474544392e+00
9.332543007970e+03	1.356474549127e+00
9.549925860214e+03	1.356474553521e+00
9.772372209558e+03	1.356474557585e+00
1.000000000000e+04	1.356474561325e+00
1.023292992281e+04	1.356474564751e+00
1.047128548051e+04	1.356474567870e+00
1.071519305238e+04	1.356474570688e+00
1.096478196143e+04	1.356474573211e+00
1.122018454302e+04	1.356474575445e+00
1.148153621497e+04	1.356474577394e+00
1.174897554940e+04	1.356474579062e+00
1.202264434617e+04	1.356474580454e+00
1.230268770812e+04	1.356474581571e+00
1.258925411794e+04	1.356474582416e+00
1.288249551693e+04	1.356474582992e+00
1.318256738556e+04	1.356474583299e+00
1.348962882592e+04	1.356474583338e+00
1.380384264603e+04	1.356474583109e+00
1.412537544623e+04	1.356474582611e+00
1.445439770746e+04	1.356474581844e+00
1.479108388168e+04	1.356474580806e+00
1.513561248436e+04	1.356474579494e+00
1.548816618912e+04	1.356474577907e+00
1.584893192461e+04	1.356474576040e+00
1.621810097359e+04	1.356474573889e+00
1.659586907438e+04	1.356474571451e+00
1.698243652462e+04	1.356474568719e+00
1.737800828749e+04	1.356474565688e+00
1.778279410039e+04	1.356474562352e+00
1.819700858610e+04	1.356474558703e+00
1.862087136663e+04	1.356474554735e+00
1.905460717963e+04	1.356474550437e+00
1.949844599758e+04	1.356474545802e+00
1.995262314969e+04	1.356474540819e+00
2.041737944669e+04	1.356474535478e+00
2.089296130854e+04	1.356474529768e+00
2.137962089502e+04	1.356474523676e+00
2.187761623950e+04	1.356474517189e+00
2.238721138568e+04	1.356474510294e+00
2.290867652768e+04	1.356474502977e+00
2.344228815320e+04	1.356474495220e+00
2.398832919019e+04	1.356474487009e+00
2.454708915685e+04	1.356474478326e+00
2.511886431510e+04	1.356474469152e+00
2.570395782769e+04	1.356474459468e+00
2.630267991895e+04	1.356474449253e+00
2.691534803927e+04	1.356474438485e+00
2.754228703338e+04	1.356474427143e+00
2.818382931264e+04	1.356474415201e+00
2.884031503127e+04	1.356474402635e+00
2.951209226666e+04	1.356474389417e+00
3.019951720402e+04	1.356474375520e+00
3.090295432514e+04	1.356474360915e+00
3.162277660168e+04	1.356474345569e+00
3.235936569296e+04	1.356474329451e+00
3.311311214826e+04	1.356474312527e+00
3.388441561392e+04	1.356474294760e+00
3.467368504525e+04	1.356474276114e+00
3.548133892336e+04	1.356474256547e+00
3.630780547701e+04	1.356474236020e+00
3.715352290972e+04	1.356474214488e+00
3.801893963206e+04	1.356474191905e+00
3.890451449943e+04	1.356474168224e+00
3.981071705535e+04	1.356474143395e+00
4.073802778041e+04	1.356474117365e+00
4.168693834703e+04	1.356474090078e+00
4.265795188016e+04	1.356474061477e+00
4.365158322402e+04	1.356474031501e+00
4.466835921510e+04	1.356474000087e+00
4.570881896149e+04	1.356473967168e+00
4.677351412872e+04	1.356473932673e+00
4.786300923226e+04	1.356473896531e+00
4.897788193684e+04	1.356473858664e+00
5.011872336273e+04	1.356473818991e+00
5.128613839914e+04	1.356473777429e+00
5.248074602498e+04	1.356473733891e+00
5.370317963702e+04	1.356473688282e+00
5.495408738576e+04	1.356473640507e+00
5.623413251903e+04	1.356473590463e+00
5.754399373371e+04	1.356473538047e+00
5.888436553556e+04	1.356473483144e+00
6.025595860743e+04	1.356473425641e+00
6.165950018615e+04	1.356473365413e+00
6.309573444802e+04	1.356473302335e+00
6.456542290346e+04	1.356473236271e+00
6.606934480076e+04	1.356473167082e+00
6.760829753920e+04	1.356473094621e+00
6.918309709189e+04	1.356473018734e+00
7.079457843841e+04	1.356472939261e+00
7.244359600750e+04	1.356472856032e+00
7.413102413009e+04	1.356472768872e+00
7.585775750292e+04	1.356472677595e+00
7.762471166287e+04	1.356472582008e+00
7.943282347243e+04	1.356472481907e+00
8.128305161641e+04	1.356472377082e+00
8.317637711026e+04	1.356472267308e+00
8.511380382024e+04	1.356472152355e+00
8.709635899561e+04	1.356472031977e+00
8.912509381337e+04	1.356471905919e+00
9.120108393559e+04	1.356471773914e+00
9.332543007970e+04	1.356471635683e+00
9.549925860214e+04	1.356471490930e+00
9.772372209558e+04	1.356471339351e+00
1.000000000000e+05	1.356471180623e+00
1.023292992281e+05	1.356471014410e+00
1.047128548051e+05	1.356470840359e+00
1.071519305238e+05	1.356470658100e+00
1.096478196143e+05	1.356470467248e+00
1.122018454302e+05	1.356470267398e+00
1.148153621497e+05	1.356470058124e+00
1.174897554939e+05	1.356469838985e+00
1.202264434617e+05	1.356469609515e+00
1.230268770812e+05	1.356469369227e+00
1.258925411794e+05	1.356469117611e+00
1.288249551693e+05	1.356468854135e+00
1.318256738556e+05	1.356468578238e+00
1.348962882592e+05	1.356468289337e+00
1.380384264603e+05	1.356467986817e+00
1.412537544623e+05	1.356467670039e+00
1.445439770746e+05	1.356467338329e+00
1.479108388168e+05	1.356466990984e+00
1.513561248436e+05	1.356466627267e+00
1.548816618912e+05	1.356466246407e+00
1.584893192461e+05	1.356465847597e+00
1.621810097359e+05	1.356465429990e+00
1.659586907438e+05	1.356464992701e+00
1.698243652462e+05	1.356464534802e+00
1.737800828749e+05	1.356464055323e+00
1.778279410039e+05	1.356463553245e+00
1.819700858610e+05	1.356463027505e+00
1.862087136663e+05	1.356462476988e+00
1.905460717963e+05	1.356461900525e+00
1.949844599758e+05	1.356461296894e+00
1.995262314969e+05	1.356460664816e+00
2.041737944669e+05	1.356460002950e+00
2.089296130854e+05	1.356459309891e+00
2.137962089502e+05	1.356458584171e+00
2.187761623949e+05	1.356457824250e+00
2.238721138568e+05	1.356457028516e+00
2.290867652768e+05	1.356456195283e+00
2.344228815320e+05	1.356455322783e+00
2.398832919019e+05	1.356454409165e+00
2.454708915685e+05	1.356453452493e+00
2.511886431510e+05	1.356452450739e+00
2.570395782769e+05	1.356451401776e+00
2.630267991895e+05	1.356450303382e+00
2.691534803927e+05	1.356449153227e+00
2.754228703338e+05	1.356447948872e+00
2.818382931264e+05	1.356446687764e+00
2.884031503127e+05	1.356445367228e+00
2.951209226666e+05	1.356443984465e+00
3.019951720402e+05	1.356442536542e+00
3.090295432514e+05	1.356441020390e+00
3.162277660168e+05	1.356439432793e+00
3.235936569296e+05	1.356437770387e+00
3.311311214826e+05	1.356436029646e+00
3.388441561392e+05	1.356434206880e+00
3.467368504525e+05	1.356432298224e+00
3.548133892336e+05	1.356430299633e+00
3.630780547701e+05	1.356428206869e+00
3.715352290972e+05	1.356426015495e+00
3.801893963206e+05	1.356423720867e+00
3.890451449943e+05	1.356421318120e+00
3.981071705535e+05	1.356418802161e+00
4.073802778041e+05	1.356416167657e+00
4.168693834703e+05	1.356413409025e+00
4.265795188016e+05	1.356410520416e+00
4.365158322402e+05	1.356407495710e+00
4.466835921510e+05	1.356404328496e+00
4.570881896149e+05	1.356401012061e+00
4.677351412872e+05	1.356397539377e+00
4.786300923226e+05	1.356393903086e+00
4.897788193684e+05	1.356390095482e+00
5.011872336273e+05	1.356386108497e+00
5.128613839914e+05	1.356381933684e+00
5.248074602498e+05	1.356377562198e+00
5.370317963702e+05	1.356372984778e+00
5.495408738576e+05	1.356368191725e+00
5.623413251903e+05	1.356363172889e+00
5.754399373371e+05	1.356357917637e+00
5.888436553556e+05	1.356352414839e+00
6.025595860743e+05	1.356346652841e+00
6.165950018615e+05	1.356340619441e+00
6.309573444802e+05	1.356334301861e+00
6.456542290346e+05	1.356327686726e+00
6.606934480076e+05	1.356320760029e+00
6.760829753920e+05	1.356313507107e+00
6.918309709189e+05	1.356305912606e+00
7.079457843841e+05	1.356297960452e+00
7.244359600750e+05	1.356289633813e+00
7.413102413009e+05	1.356280915069e+00
7.585775750292e+05	1.356271785772e+00
7.762471166287e+05	1.356262226607e+00
7.943282347243e+05	1.356252217350e+00
8.128305161641e+05	1.356241736830e+00
8.317637711026e+05	1.356230762881e+00
8.511380382024e+05	1.356219272299e+00
8.709635899561e+05	1.356207240786e+00
8.912509381337e+05	1.356194642909e+00
9.120108393559e+05	1.356181452039e+00
9.332543007970e+05	1.356167640300e+00
9.549925860214e+05	1.356153178508e+00
9.772372209558e+05	1.356138036110e+00
1.000000000000e+06	1.356122181124e+00
1.023292992281e+06	1.356105580067e+00
1.047128548051e+06	1.356088197889e+00
1.071519305238e+06	1.356069997899e+00
1.096478196143e+06	1.356050941688e+00
1.122018454302e+06	1.356030989049e+00
1.148153621497e+06	1.356010097896e+00
1.174897554939e+06	1.355988224174e+00
1.202264434617e+06	1.355965321767e+00
1.230268770812e+06	1.355941342407e+00
1.258925411794e+06	1.355916235571e+00
1.288249551693e+06	1.355889948375e+00
1.318256738556e+06	1.355862425470e+00
1.348962882592e+06	1.355833608922e+00
1.380384264603e+06	1.355803438099e+00
1.412537544623e+06	1.355771849542e+00
1.445439770746e+06	1.355738776838e+00
1.479108388168e+06	1.355704150480e+00
1.513561248436e+06	1.355667897730e+00
1.548816618912e+06	1.355629942467e+00
1.584893192461e+06	1.355590205035e+00
1.621810097359e+06	1.355548602078e+00
1.659586907438e+06	1.355505046372e+00
1.698243652462e+06	1.355459446652e+00
1.737800828749e+06	1.355411707420e+00
1.778279410039e+06	1.355361728765e+00
1.819700858610e+06	1.355309406148e+00
1.862087136663e+06	1.355254630203e+00
1.905460717963e+06	1.355197286519e+00
1.949844599758e+06	1.355137255401e+00
1.995262314969e+06	1.355074411645e+00
2.041737944669e+06	1.355008624282e+00
2.089296130854e+06	1.354939756326e+00
2.137962089502e+06	1.354867664501e+00
2.187761623949e+06	1.354792198957e+00
2.238721138568e+06	1.354713202991e+00
2.290867652768e+06	1.354630512721e+00
2.344228815320e+06	1.354543956793e+00
2.398832919019e+06	1.354453356032e+00
2.454708915685e+06	1.354358523110e+00
2.511886431510e+06	1.354259262188e+00
2.570395782769e+06	1.354155368531e+00
2.630267991895e+06	1.354046628149e+00
2.691534803927e+06	1.353932817365e+00
2.754228703338e+06	1.353813702424e+00
2.818382931264e+06	1.353689039040e+00
2.884031503127e+06	1.353558571970e+00
2.951209226666e+06	1.353422034514e+00
3.019951720402e+06	1.353279148071e+00
3.090295432513e+06	1.353129621614e+00
3.162277660168e+06	1.352973151176e+00
3.235936569296e+06	1.352809419310e+00
3.311311214826e+06	1.352638094548e+00
3.388441561392e+06	1.352458830814e+00
3.467368504525e+06	1.352271266833e+00
3.548133892336e+06	1.352075025513e+00
3.630780547701e+06	1.351869713339e+00
3.715352290972e+06	1.351654919682e+00
3.801893963205e+06	1.351430216162e+00
3.890451449943e+06	1.351195155958e+00
3.981071705535e+06	1.350949273056e+00
4.073802778041e+06	1.350692081601e+00
4.168693834703e+06	1.350423075061e+00
4.265795188016e+06	1.350141725525e+00
4.365158322402e+06	1.349847482912e+00
4.466835921509e+06	1.349539774159e+00
4.570881896149e+06	1.349218002403e+00
4.677351412872e+06	1.348881546193e+00
4.786300923226e+06	1.348529758602e+00
4.897788193684e+06	1.348161966396e+00
5.011872336273e+06	1.347777469207e+00
5.128613839913e+06	1.347375538589e+00
5.248074602498e+06	1.346955417235e+00
5.370317963702e+06	1.346516317990e+00
5.495408738576e+06	1.346057423131e+00
5.623413251903e+06	1.345577883299e+00
5.754399373371e+06	1.345076816848e+00
5.888436553556e+06	1.344553308782e+00
6.025595860743e+06	1.344006410107e+00
6.165950018615e+06	1.343435136888e+00
6.309573444802e+06	1.342838469499e+00
6.456542290346e+06	1.342215351957e+00
6.606934480076e+06	1.341564691011e+00
6.760829753920e+06	1.340885355659e+00
6.918309709189e+06	1.340176176479e+00
7.079457843841e+06	1.339435945026e+00
7.244359600750e+06	1.338663413414e+00
7.413102413009e+06	1.337857293914e+00
7.585775750292e+06	1.337016258653e+00
7.762471166287e+06	1.336138939377e+00
7.943282347243e+06	1.335223927403e+00
8.128305161641e+06	1.334269773716e+00
8.317637711026e+06	1.333274989087e+00
8.511380382023e+06	1.332238044468e+00
8.709635899561e+06	1.331157371383e+00
8.912509381337e+06	1.330031362934e+00
9.120108393559e+06	1.328858374396e+00
9.332543007970e+06	1.327636724588e+00
9.549925860214e+06	1.326364697073e+00
9.772372209558e+06	1.325040541888e+00
1.000000000000e+07	1.323662477492e+00
1.023292992281e+07	1.322228692863e+00
1.047128548051e+07	1.320737350135e+00
1.071519305238e+07	1.319186587326e+00
1.096478196143e+07	1.317574521566e+00
1.122018454302e+07	1.315899252812e+00
1.148153621497e+07	1.314158867663e+00
1.174897554939e+07	1.312351443715e+00
1.202264434617e+07	1.310475054371e+00
1.230268770812e+07	1.308527774077e+00
1.258925411794e+07	1.306507684035e+00
1.288249551693e+07	1.304412878016e+00
1.318256738556e+07	1.302241469354e+00
1.348962882592e+07	1.299991597580e+00
1.380384264603e+07	1.297661436153e+00
1.412537544623e+07	1.295249200294e+00
1.445439770746e+07	1.292753155412e+00
1.479108388168e+07	1.290171625962e+00
1.513561248436e+07	1.287503004509e+00
1.548816618912e+07	1.284745761664e+00
1.584893192461e+07	1.281898455872e+00
1.621810097359e+07	1.278959743669e+00
1.659586907438e+07	1.275928390508e+00
1.698243652462e+07	1.272803281441e+00
1.737800828749e+07	1.269583431947e+00
1.778279410039e+07	1.266267999520e+00
1.819700858610e+07	1.262856294330e+00
1.862087136663e+07	1.259347790427e+00
1.905460717963e+07	1.255742136814e+00
1.949844599758e+07	1.252039167966e+00
1.995262314969e+07	1.248238914364e+00
2.041737944669e+07	1.244341612407e+00
2.089296130854e+07	1.240347713862e+00
2.137962089502e+07	1.236257894446e+00
2.187761623949e+07	1.232073062251e+00
2.238721138568e+07	1.227794364239e+00
2.290867652768e+07	1.223423192710e+00
2.344228815320e+07	1.218961190856e+00
2.398832919019e+07	1.214410255468e+00
2.454708915685e+07	1.209772540431e+00
2.511886431509e+07	1.205050457408e+00
2.570395782769e+07	1.200246675546e+00
2.630267991895e+07	1.195364119701e+00
2.691534803927e+07	1.190405966885e+00
2.754228703338e+07	1.185375641255e+00
2.818382931264e+07	1.180276806948e+00
2.884031503127e+07	1.175113360121e+00
2.951209226666e+07	1.169889418552e+00
3.019951720402e+07	1.164609309445e+00
3.090295432513e+07	1.159277557074e+00
3.162277660168e+07	1.153898866780e+00
3.235936569296e+07	1.148478109431e+00
3.311311214826e+07	1.143020303454e+00
3.388441561392e+07	1.137530595626e+00
3.467368504525e+07	1.132014241846e+00
3.548133892336e+07	1.126476585720e+00
3.630780547701e+07	1.120923037095e+00
3.715352290972e+07	1.115359049746e+00
3.801893963205e+07	1.109790099039e+00
3.890451449943e+07	1.104221658928e+00
3.981071705535e+07	1.098659178673e+00
4.073802778041e+07	1.093108061471e+00
4.168693834703e+07	1.087573640320e+00
4.265795188016e+07	1.082061157867e+00
4.365158322402e+07	1.076575744305e+00
4.466835921509e+07	1.071122397611e+00
4.570881896149e+07	1.065705964205e+00
4.677351412872e+07	1.060331121170e+00
4.786300923226e+07	1.055002359366e+00
4.897788193684e+07	1.049723967811e+00
5.011872336273e+07	1.044500020544e+00
5.128613839913e+07	1.039334363385e+00
5.248074602498e+07	1.034230604453e+00
5.370317963702e+07	1.029192103502e+00
5.495408738576e+07	1.024221965502e+00
5.623413251903e+07	1.019323035173e+00
5.754399373371e+07	1.014497891272e+00
5.888436553556e+07	1.009748845891e+00
6.025595860743e+07	1.005077941548e+00
6.165950018615e+07	1.000486952578e+00
6.309573444802e+07	9.959773877195e-01
6.456542290346e+07	9.915504905557e-01
6.606934480076e+07	9.872072467101e-01
6.760829753920e+07	9.829483877330e-01
6.918309709189e+07	9.787743974879e-01
7.079457843841e+07	9.746855205912e-01
7.244359600750e+07	9.706817695358e-01
7.413102413009e+07	9.667629341429e-01
7.585775750292e+07	9.629285909227e-01
7.762471166287e+07	9.591781133856e-01
7.943282347243e+07	9.555106821281e-01
8.128305161641e+07	9.519252958453e-01
8.317637711026e+07	9.484207822022e-01
8.511380382023e+07	9.449958094659e-01
8.709635899560e+07	9.416488968556e-01
8.912509381337e+07	9.383784268199e-01
9.120108393559e+07	9.351826558277e-01
9.332543007970e+07	9.320597249821e-01
9.549925860214e+07	9.290076721189e-01
9.772372209558e+07	9.260244417413e-01
1.000000000000e+08	9.231078954520e-01
1.023292992281e+08	9.202558231696e-01
1.047128548051e+08	9.174659524319e-01
1.071519305238e+08	9.147359580236e-01
1.096478196143e+08	9.120634722487e-01
1.122018454302e+08	9.094460927416e-01
1.148153621497e+08	9.068813931136e-01
1.174897554939e+08	9.043669297484e-01
1.202264434617e+08	9.019002506402e-01
1.230268770812e+08	8.994789036028e-01
1.258925411794e+08	8.971004438478e-01
1.288249551693e+08	8.947624404693e-01
1.318256738556e+08	8.924624845006e-01
1.348962882592e+08	8.901981952507e-01
1.380384264603e+08	8.879672267237e-01
1.412537544623e+08	8.857672742813e-01
1.445439770746e+08	8.835960805044e-01
1.479108388168e+08	8.814514408052e-01
1.513561248436e+08	8.793312095612e-01
1.548816618912e+08	8.772333049815e-01
1.584893192461e+08	8.751557148920e-01
1.621810097359e+08	8.730965009796e-01
1.659586907438e+08	8.710538043809e-01
1.698243652462e+08	8.690258498146e-01
1.737800828749e+08	8.670109498326e-01
1.778279410039e+08	8.650075092136e-01
1.819700858610e+08	8.630140288484e-01
1.862087136663e+08	8.610291089938e-01
1.905460717963e+08	8.590514528530e-01
1.949844599758e+08	8.570798695738e-01
1.995262314969e+08	8.551132769282e-01
2.041737944669e+08	8.531507039210e-01
2.089296130854e+08	8.511912919418e-01
2.137962089502e+08	8.492342974954e-01
2.187761623949e+08	8.472790926136e-01
2.238721138568e+08	8.453251654805e-01
2.290867652768e+08	8.433721213540e-01
2.344228815320e+08	8.414196817226e-01
2.398832919019e+08	8.394676835610e-01
2.454708915685e+08	8.375160786285e-01
2.511886431509e+08	8.355649307928e-01
2.570395782769e+08	8.336144142778e-01
2.630267991895e+08	8.316648105537e-01
2.691534803927e+08	8.297165045723e-01
2.754228703338e+08	8.277699812137e-01
2.818382931264e+08	8.258258203949e-01
2.884031503127e+08	8.238846920727e-01
2.951209226666e+08	8.219473506755e-01
3.019951720402e+08	8.200146290801e-01
3.090295432513e+08	8.180874321688e-01
3.162277660168e+08	8.161667300326e-01
3.235936569296e+08	8.142535507166e-01
3.311311214826e+08	8.123489730156e-01
3.388441561392e+08	8.104541186180e-01
3.467368504525e+08	8.085701444169e-01
3.548133892336e+08	8.066982345949e-01
3.630780547701e+08	8.048395927699e-01
3.715352290972e+08	8.029954337687e-01
3.801893963205e+08	8.011669764456e-01
3.890451449943e+08	7.993554354969e-01
3.981071705535e+08	7.975620142879e-01
4.073802778041e+08	7.957878976823e-01
4.168693834703e+08	7.940342450805e-01
4.265795188016e+08	7.923021842756e-01
4.365158322401e+08	7.905928051822e-01
4.466835921509e+08	7.889071545952e-01
4.570881896149e+08	7.872462306240e-01
4.677351412872e+08	7.856109786577e-01
4.786300923226e+08	7.840022871045e-01
4.897788193684e+08	7.824209839366e-01
5.011872336273e+08	7.808678339673e-01
5.128613839913e+08	7.793435363050e-01
5.248074602498e+08	7.778487222883e-01
5.370317963702e+08	7.763839550426e-01
5.495408738576e+08	7.749497278368e-01
5.623413251903e+08	7.735464642554e-01
5.754399373371e+08	7.721745183101e-01
5.888436553556e+08	7.708341750786e-01
6.025595860743e+08	7.695256518267e-01
6.165950018615e+08	7.682490990599e-01
6.309573444802e+08	7.670046029743e-01
6.456542290346e+08	7.657921869610e-01
6.606934480076e+08	7.646118138849e-01
6.760829753920e+08	7.634633890621e-01
6.918309709189e+08	7.623467626970e-01
7.079457843841e+08	7.612617328379e-01
7.244359600750e+08	7.602080484638e-01
7.413102413009e+08	7.591854124350e-01
7.585775750292e+08	7.581934850449e-01
7.762471166287e+08	7.572318865771e-01
7.943282347243e+08	7.563002011787e-01
8.128305161641e+08	7.553979795628e-01
8.317637711026e+08	7.545247425688e-01
8.511380382023e+08	7.536799839075e-01
8.709635899560e+08	7.528631733507e-01
8.912509381337e+08	7.520737596222e-01
9.120108393559e+08	7.513111732213e-01
9.332543007970e+08	7.505748291331e-01
9.549925860214e+08	7.498641294181e-01
9.772372209558e+08	7.491784656256e-01
1.000000000000e+09	7.485172213651e-01